200	0.812473145
201	0.815456924
202	0.820025253
203	0.823662338
204	0.826961136
205	0.829509201
206	0.833558884
207	0.835907135
208	0.839524536
209	0.84192215
210	0.844400787
211	0.847409897
212	0.849816742
213	0.851236877
214	0.854413147
215	0.856135025
216	0.858418732
217	0.860454483
218	0.861800919
219	0.864296875
220	0.865313263
221	0.867060776
222	0.868234329
223	0.870084076
224	0.871676712
225	0.872685242
226	0.874270935
227	0.875336075
228	0.876681824
229	0.87761795
230	0.878287201
231	0.879395447
232	0.88057869
233	0.881385269
234	0.882443695
235	0.883013763
236	0.883634033
237	0.884501801
238	0.885301209
239	0.886152649
240	0.886658936
241	0.886880035
242	0.888056717
243	0.888605042
244	0.888751373
245	0.889453735
246	0.88974205
247	0.890441132
248	0.890921555
249	0.891213379
250	0.891559448
251	0.892302933
252	0.892291336
253	0.892785721
254	0.893649063
255	0.893646393
256	0.893755875
257	0.894561997
258	0.894283829
259	0.895424805
260	0.894969788
261	0.895461273
262	0.895598373
263	0.89605835
264	0.896188049
265	0.896550751
266	0.896776276
267	0.896905899
268	0.897095718
269	0.897489471
270	0.897479019
271	0.897537918
272	0.898878098
273	0.897748489
274	0.89736496
275	0.89837822
276	0.898320618
277	0.89845314
278	0.899030914
279	0.899551773
280	0.898913193
281	0.899068146
282	0.899516907
283	0.899688187
284	0.899829254
285	0.900252304
286	0.900083084
287	0.899864197
288	0.900531387
289	0.900368347
290	0.900606842
291	0.90066864
292	0.900801315
293	0.901041718
294	0.900632324
295	0.900943604
296	0.901405716
297	0.9009935
298	0.901249008
299	0.901558456
300	0.901422348
301	0.901612396
302	0.901503677
303	0.901371765
304	0.901783829
305	0.901438675
306	0.902390823
307	0.9034021
308	0.902895813
309	0.902597809
310	0.902278137
311	0.903137054
312	0.90250946
313	0.902984467
314	0.903571396
315	0.903220444
316	0.903268204
317	0.904676437
318	0.903155441
319	0.902010117
320	0.903996201
321	0.904214706
322	0.903482971
323	0.904106751
324	0.904522476
325	0.903181534
326	0.904277725
327	0.904319153
328	0.903470841
329	0.90435669
330	0.905612717
331	0.905164948
332	0.903663559
333	0.905568314
334	0.904846191
335	0.904816666
336	0.905408859
337	0.904656372
338	0.905273132
339	0.90585907
340	0.904626999
341	0.905729218
342	0.90301033
343	0.905603256
344	0.905339737
345	0.904801636
346	0.904909592
347	0.907308044
348	0.907329941
349	0.907460785
350	0.907984695
351	0.909609222
352	0.91006752
353	0.908496018
354	0.910790787
355	0.909303131
356	0.910599594
357	0.910493164
358	0.909311981
359	0.912287521
360	0.90984726
361	0.910316849
362	0.910496674
363	0.91040657
364	0.9100354
365	0.910394974
366	0.910208206
367	0.910737305
368	0.910293503
369	0.91053894
370	0.910302734
371	0.910465469
372	0.909892807
373	0.910676727
374	0.910357285
375	0.910664825
376	0.910147324
377	0.910062714
378	0.911095581
379	0.908924179
380	0.909915543
381	0.910361786
382	0.910583649
383	0.911138916
384	0.910950317
385	0.91152153
386	0.910221024
387	0.910943298
388	0.911058502
389	0.91115654
390	0.911051483
391	0.910936661
392	0.911273499
393	0.911309509
394	0.910817413
395	0.911237946
396	0.911389465
397	0.910535507
398	0.910528641
399	0.910902481
400	0.911603622
401	0.912129898
402	0.911076279
403	0.910515213
404	0.911928482
405	0.910733185
406	0.911364594
407	0.911931686
408	0.912185745
409	0.910746536
410	0.911934052
411	0.911324005
412	0.911308212
413	0.911269836
414	0.912292328
415	0.909932327
416	0.911762924
417	0.910810928
418	0.91125206
419	0.911075363
420	0.911260452
421	0.911016846
422	0.91130249
423	0.910646973
424	0.911005096
425	0.91161911
426	0.911308136
427	0.910137482
428	0.91003891
429	0.912388229
430	0.909855576
431	0.910812225
432	0.91156044
433	0.910465393
434	0.910197678
435	0.910768585
436	0.910239105
437	0.910216827
438	0.911527634
439	0.911142502
440	0.910552139
441	0.910087738
442	0.910278015
443	0.91007225
444	0.910845032
445	0.910394669
446	0.910550613
447	0.910172501
448	0.910519562
449	0.909841919
450	0.911395035
451	0.911388397
452	0.910715485
453	0.910082245
454	0.910135346
455	0.910205078
456	0.910455933
457	0.909432221
458	0.910383987
459	0.91037735
460	0.910695343
461	0.909969559
462	0.910165253
463	0.910086594
464	0.910208588
465	0.910295258
466	0.909611664
467	0.909624786
468	0.91038681
469	0.909993286
470	0.909023132
471	0.909583817
472	0.909741211
473	0.909098358
474	0.909920578
475	0.909999619
476	0.90950592
477	0.909887848
478	0.909261017
479	0.909611816
480	0.909195175
481	0.908358841
482	0.909343338
483	0.909614868
484	0.908929062
485	0.909348908
486	0.909152679
487	0.909072876
488	0.909210053
489	0.909026642
490	0.909157715
491	0.908908157
492	0.90913475
493	0.908063736
494	0.909132385
495	0.908612976
496	0.908056946
497	0.908266144
498	0.908301926
499	0.908842773
500	0.908193588
501	0.908283005
502	0.908150482
503	0.907877045
504	0.908215942
505	0.908854218
506	0.907355804
507	0.908186112
508	0.908428955
509	0.907590179
510	0.908087845
511	0.908128662
512	0.90788002
513	0.908225098
514	0.907309494
515	0.907214661
516	0.907532425
517	0.908024979
518	0.906736374
519	0.907406006
520	0.907897186
521	0.906904907
522	0.907385178
523	0.907004471
524	0.907767105
525	0.907081146
526	0.906998062
527	0.907528534
528	0.90670578
529	0.907523346
530	0.907164307
531	0.906580429
532	0.906724854
533	0.906435394
534	0.906462021
535	0.906469498
536	0.906737061
537	0.906357193
538	0.90600174
539	0.906595001
540	0.90615036
541	0.906238403
542	0.905573654
543	0.906271515
544	0.905761337
545	0.905784683
546	0.90610054
547	0.905462799
548	0.905919724
549	0.906071625
550	0.90568428
551	0.905408707
552	0.904843445
553	0.905676804
554	0.90480545
555	0.905307617
556	0.905431595
557	0.90453598
558	0.904141464
559	0.904450378
560	0.904520721
561	0.904124451
562	0.904434509
563	0.904764938
564	0.904130402
565	0.90438118
566	0.903907929
567	0.902770157
568	0.903407288
569	0.903738937
570	0.903650894
571	0.903661804
572	0.902823639
573	0.903837204
574	0.903308716
575	0.90357605
576	0.903298187
577	0.903085175
578	0.903330841
579	0.903164902
580	0.902226486
581	0.902131348
582	0.903298187
583	0.902228317
584	0.901627731
585	0.902957459
586	0.902117081
587	0.901891632
588	0.902032471
589	0.902007675
590	0.901997528
591	0.901499252
592	0.90137001
593	0.90145874
594	0.901569519
595	0.90154213
596	0.901352158
597	0.901430283
598	0.901020355
599	0.90107605
600	0.900221252
601	0.900736923
602	0.900711899
603	0.900619125
604	0.900200577
605	0.899893494
606	0.900122299
607	0.90003006
608	0.899997253
609	0.899442749
610	0.899161606
611	0.899340515
612	0.900072556
613	0.899350433
614	0.898613892
615	0.898632355
616	0.899555054
617	0.898391266
618	0.898068619
619	0.898394547
620	0.897972794
621	0.898094177
622	0.897830734
623	0.898264313
624	0.897795944
625	0.897767563
626	0.897084198
627	0.896865234
628	0.897503586
629	0.896645584
630	0.896493149
631	0.896207886
632	0.896819153
633	0.89685318
634	0.896178131
635	0.895965118
636	0.895877914
637	0.895967331
638	0.896224518
639	0.895481339
640	0.895332336
641	0.89564743
642	0.895414124
643	0.894486313
644	0.894635696
645	0.8949617
646	0.894791031
647	0.894125214
648	0.895002899
649	0.894173203
650	0.893464661
651	0.894083099
652	0.893888016
653	0.893943024
654	0.893550568
655	0.893285446
656	0.892601471
657	0.892599182
658	0.893110504
659	0.892771606
660	0.892312622
661	0.891548767
662	0.892101059
663	0.892192383
664	0.89144661
665	0.891370544
666	0.891485214
667	0.891486435
668	0.890466538
669	0.890953903
670	0.890331879
671	0.890360565
672	0.890521317
673	0.889564362
674	0.889617767
675	0.890205536
676	0.890105515
677	0.889434128
678	0.889463654
679	0.888719864
680	0.888146057
681	0.888542481
682	0.889021454
683	0.888137283
684	0.887864227
685	0.88873909
686	0.887546692
687	0.887840958
688	0.887948303
689	0.887862473
690	0.887100601
691	0.886752472
692	0.887090683
693	0.887178421
694	0.886358872
695	0.885598221
696	0.886535568
697	0.885128403
698	0.885489883
699	0.885348358
700	0.885183182
701	0.884698792
702	0.884868317
703	0.884989471
704	0.884541779
705	0.883900528
706	0.883873901
707	0.883170013
708	0.882416382
709	0.883047714
710	0.88325798
711	0.882543335
712	0.8828508
713	0.881956635
714	0.881501007
715	0.882307663
716	0.88192482
717	0.881535263
718	0.881846466
719	0.881310654
720	0.880487289
721	0.880309906
722	0.879603043
723	0.879361496
724	0.879266205
725	0.879782944
726	0.87958168
727	0.879221726
728	0.878450241
729	0.879052658
730	0.877124939
731	0.878782959
732	0.878140717
733	0.877441406
734	0.878277969
735	0.876353149
736	0.876516266
737	0.877300186
738	0.875467148
739	0.87419693
740	0.875801544
741	0.87528595
742	0.875519714
743	0.874030914
744	0.874656372
745	0.874518051
746	0.874360886
747	0.873621368
748	0.872836151
749	0.872186508
750	0.87291153
751	0.872706909
752	0.871699677
753	0.871821594
754	0.872225494
755	0.870563965
756	0.870825729
757	0.870759811
758	0.871492539
759	0.869783936
760	0.869610672
761	0.869362717
762	0.869012375
763	0.868604202
764	0.868242645
765	0.868171692
766	0.866868439
767	0.866744003
768	0.865214081
769	0.866137619
770	0.866116333
771	0.866501617
772	0.863496018
773	0.865586929
774	0.863083115
775	0.863168488
776	0.863692551
777	0.864693604
778	0.863629913
779	0.861468048
780	0.861305542
781	0.859837418
782	0.860492172
783	0.860956345
784	0.860176239
785	0.860024567
786	0.859351959
787	0.859786911
788	0.857822113
789	0.857677536
790	0.857108383
791	0.857380066
792	0.856947861
793	0.858210678
794	0.856915588
795	0.853501205
796	0.854536743
797	0.855435867
798	0.855887756
799	0.853340302
800	0.858006058
801	0.858073044
802	0.855094452
803	0.859521256
804	0.85663681
805	0.855631027
806	0.856536636
807	0.85639885
808	0.855464096
809	0.854628525
810	0.853706513
811	0.85536087
812	0.854067764
813	0.850746689
814	0.853534012
815	0.853217697
816	0.852047119
817	0.853182373
818	0.854045639
819	0.851549683
820	0.852651901
821	0.851689301
822	0.852589645
823	0.851553879
824	0.853068314
825	0.850375671
826	0.851989517
827	0.854077225
828	0.851810608
829	0.854582977
830	0.852009506
831	0.853091812
832	0.852626343
833	0.85232399
834	0.85313179
835	0.854351578
836	0.852639237
837	0.855134354
838	0.854910507
839	0.853870544
840	0.854462662
841	0.855059586
842	0.853829498
843	0.855942154
844	0.856543274
845	0.856853409
846	0.856600189
847	0.856702576
848	0.858591156
849	0.857780609
850	0.85885376
851	0.859458771
852	0.860010834
853	0.86051033
854	0.860125351
855	0.862204437
856	0.861476669
857	0.862711639
858	0.863030319
859	0.863571625
860	0.863826294
861	0.864617844
862	0.865921326
863	0.8662323
864	0.867509995
865	0.867711868
866	0.868992691
867	0.869636993
868	0.871049271
869	0.869412079
870	0.871139679
871	0.875302277
872	0.873609619
873	0.874117203
874	0.874697952
875	0.876559982
876	0.878477783
877	0.879943008
878	0.882078552
879	0.88286293
880	0.884104614
881	0.885439606
882	0.885982132
883	0.88638176
884	0.886374741
885	0.885938416
886	0.884340134
887	0.884139557
888	0.883519592
889	0.882318039
890	0.882257538
891	0.882109222
892	0.882164841
893	0.882394409
894	0.883730469
895	0.88350647
896	0.884524841
897	0.885413437
898	0.885442734
899	0.886761627
900	0.887233276
901	0.888076325
902	0.887682495
903	0.889070358
904	0.890457459
905	0.889623871
906	0.891212006
907	0.891622086
908	0.892618027
909	0.892385025
910	0.893307648
911	0.894275208
912	0.894789429
913	0.89523346
914	0.896433106
915	0.895541
916	0.897039108
917	0.897197952
918	0.898199463
919	0.898013535
920	0.898577805
921	0.89986351
922	0.899902496
923	0.900621796
924	0.90158905
925	0.902649841
926	0.902635651
927	0.903465653
928	0.904707718
929	0.905432739
930	0.905227509
931	0.906716003
932	0.906851578
933	0.90779007
934	0.907894287
935	0.908702011
936	0.909026032
937	0.910283585
938	0.910513229
939	0.91125145
940	0.911754761
941	0.91228241
942	0.912526321
943	0.913159943
944	0.913158875
945	0.913924484
946	0.914080811
947	0.914954453
948	0.915239182
949	0.915340576
950	0.915704041
951	0.916095581
952	0.916926117
953	0.917343216
954	0.917704773
955	0.917487259
956	0.918282471
957	0.918894959
958	0.918880615
959	0.919901657
960	0.919058609
961	0.920731201
962	0.920824127
963	0.921128464
964	0.92119194
965	0.922104034
966	0.922514648
967	0.922284927
968	0.923307495
969	0.923452759
970	0.924051743
971	0.923788147
972	0.924627914
973	0.925043335
974	0.925652008
975	0.926310272
976	0.925955277
977	0.927383423
978	0.927346954
979	0.927466278
980	0.927598267
981	0.928914337
982	0.928597946
983	0.927968063
984	0.92938446
985	0.929605484
986	0.930519714
987	0.930090332
988	0.930385895
989	0.930367432
990	0.931721191
991	0.931253281
992	0.932089157
993	0.932575531
994	0.932658691
995	0.933270264
996	0.933061981
997	0.93447609
998	0.934402771
999	0.934420395
1000	0.934763718
1001	0.935139542
1002	0.935980911
1003	0.936050339
1004	0.936600571
1005	0.936417313
1006	0.936511536
1007	0.937868576
1008	0.937189484
1009	0.937680588
1010	0.937539978
1011	0.937820358
1012	0.938647003
1013	0.939755936
1014	0.939608231
1015	0.939594116
1016	0.939466248
1017	0.940139923
1018	0.94030571
1019	0.94082077
1020	0.940455399
1021	0.940570679
1022	0.940854874
1023	0.941067429
1024	0.941447144
1025	0.941572495
1026	0.942100067
1027	0.94205925
1028	0.942805557
1029	0.943000488
1030	0.943368835
1031	0.942427902
1032	0.943395767
1033	0.94363739
1034	0.943732758
1035	0.943225555
1036	0.943593292
1037	0.944455719
1038	0.943544464
1039	0.944154282
1040	0.943948059
1041	0.944422455
1042	0.944804382
1043	0.945248566
1044	0.945473404
1045	0.945714569
1046	0.945383987
1047	0.945373383
1048	0.946360626
1049	0.946357117
1050	0.945630188
1051	0.946719208
1052	0.946429215
1053	0.946393127
1054	0.946248932
1055	0.947357559
1056	0.947418366
1057	0.947319336
1058	0.947795258
1059	0.947551193
1060	0.948059235
1061	0.948288498
1062	0.948533783
1063	0.94873848
1064	0.947329788
1065	0.949059296
1066	0.949248352
1067	0.949105225
1068	0.948674469
1069	0.949754791
1070	0.94868866
1071	0.94908699
1072	0.950276947
1073	0.949895783
1074	0.949703903
1075	0.950343475
1076	0.949612503
1077	0.950685196
1078	0.950175476
1079	0.950480957
1080	0.950556717
1081	0.950814209
1082	0.951112366
1083	0.950370865
1084	0.951719666
1085	0.951475067
1086	0.951093292
1087	0.95138588
1088	0.951665802
1089	0.951147003
1090	0.952322083
1091	0.952767258
1092	0.952330856
1093	0.952161331
1094	0.952487946
1095	0.953011856
1096	0.952464371
1097	0.952583466
1098	0.953352356
1099	0.952714768
1100	0.953662567
1101	0.953053665
1102	0.953922348
1103	0.953248138
1104	0.953143387
1105	0.952923279
1106	0.953325424
1107	0.953790741
1108	0.954184189
1109	0.954668427
1110	0.9536232
1111	0.954266739
1112	0.955003433
1113	0.954496536
1114	0.953408737
1115	0.954311981
1116	0.954274979
1117	0.954397583
1118	0.954476318
1119	0.955246811
1120	0.955405808
1121	0.954870453
1122	0.954305496
1123	0.955586853
1124	0.955508499
1125	0.955083923
1126	0.955716629
1127	0.955499954
1128	0.956323929
1129	0.956007385
1130	0.956118927
1131	0.955737
1132	0.956621704
1133	0.956212997
1134	0.955810776
1135	0.956893997
1136	0.956583099
1137	0.956352768
1138	0.956883164
1139	0.956520462
1140	0.956852951
1141	0.956481552
1142	0.957521668
1143	0.957514801
1144	0.95680687
1145	0.957183838
1146	0.957759476
1147	0.956732025
1148	0.957590027
1149	0.957362289
1150	0.956870041
1151	0.957425156
1152	0.958024063
1153	0.956999512
1154	0.957982636
1155	0.95781868
1156	0.957957535
1157	0.957183151
1158	0.95787735
1159	0.958651276
1160	0.958267975
1161	0.958602753
1162	0.958431931
1163	0.958253326
1164	0.959191742
1165	0.958424301
1166	0.958501892
1167	0.958255768
1168	0.958751297
1169	0.958489609
1170	0.958306961
1171	0.959115448
1172	0.959164352
1173	0.959101105
1174	0.958927231
1175	0.958408814
1176	0.959239655
1177	0.959279022
1178	0.959840469
1179	0.959640808
1180	0.959655609
1181	0.959688187
1182	0.959051514
1183	0.959314652
1184	0.95919754
1185	0.95958786
1186	0.960039825
1187	0.959815292
1188	0.959738922
1189	0.959514008
1190	0.960183792
1191	0.960215759
1192	0.959805756
1193	0.960395203
1194	0.959090195
1195	0.95980957
1196	0.960457764
1197	0.960569916
1198	0.960230103
1199	0.960398789
1200	0.96043335
1201	0.959436493
1202	0.9598423
1203	0.959941406
1204	0.959715881
1205	0.959789429
1206	0.960256958
1207	0.959659805
1208	0.959517746
1209	0.959651794
1210	0.959440384
1211	0.95954773
1212	0.959625626
1213	0.959699783
1214	0.959587097
1215	0.960527115
1216	0.96067955
1217	0.960939484
1218	0.960027618
1219	0.960519409
1220	0.960675583
1221	0.960512543
1222	0.960466538
1223	0.960445023
1224	0.960955124
1225	0.960421524
1226	0.960840149
1227	0.960780563
1228	0.961057205
1229	0.960696564
1230	0.960411606
1231	0.961364365
1232	0.961275406
1233	0.961243744
1234	0.961318054
1235	0.961864471
1236	0.962127533
1237	0.960846787
1238	0.961137848
1239	0.961297913
1240	0.961477509
1241	0.961619415
1242	0.961018448
1243	0.961906052
1244	0.961790772
1245	0.961880417
1246	0.961403732
1247	0.961864243
1248	0.961937103
1249	0.961704865
1250	0.961903305
1251	0.962207108
1252	0.961184616
1253	0.962019501
1254	0.962500382
1255	0.962423096
1256	0.962221832
1257	0.962308807
1258	0.962353668
1259	0.961522598
1260	0.961353073
1261	0.962562408
1262	0.962627792
1263	0.962261581
1264	0.962747726
1265	0.962812882
1266	0.962823181
1267	0.962946167
1268	0.962735138
1269	0.962823715
1270	0.962610092
1271	0.963204956
1272	0.963132706
1273	0.963036499
1274	0.963065567
1275	0.963664475
1276	0.962718277
1277	0.963118973
1278	0.963251267
1279	0.962520447
1280	0.96346611
1281	0.963126984
1282	0.963095093
1283	0.963383255
1284	0.963109283
1285	0.963339539
1286	0.963367081
1287	0.963466721
1288	0.963559418
1289	0.963941345
1290	0.963691025
1291	0.963592911
1292	0.963927155
1293	0.963198547
1294	0.963508453
1295	0.963680573
1296	0.964304352
1297	0.964156952
1298	0.964127197
1299	0.963626785
1300	0.964316101
1301	0.964001083
1302	0.963683319
1303	0.963826447
1304	0.96401825
1305	0.964370041
1306	0.963569717
1307	0.963876038
1308	0.964030533
1309	0.965300751
1310	0.963795166
1311	0.96434967
1312	0.964544983
1313	0.964338532
1314	0.964564362
1315	0.964997253
1316	0.965082016
1317	0.96518631
1318	0.965820618
1319	0.965727463
1320	0.964813843
1321	0.964719086
1322	0.96542305
1323	0.965663834
1324	0.964986649
1325	0.96530777
1326	0.96546608
1327	0.964876022
1328	0.965399551
1329	0.96517334
1330	0.965709229
1331	0.966090164
1332	0.96516182
1333	0.964800797
1334	0.965268707
1335	0.965310898
1336	0.965689774
1337	0.965548706
1338	0.965873795
1339	0.96557045
1340	0.965907669
1341	0.966085815
1342	0.965168152
1343	0.965735092
1344	0.966229477
1345	0.965353088
1346	0.965996933
1347	0.965552292
1348	0.966432114
1349	0.965941391
1350	0.96624794
1351	0.965873566
1352	0.966198959
1353	0.965761948
1354	0.965777206
1355	0.964809113
1356	0.966058807
1357	0.9653022
1358	0.965987244
1359	0.965873261
1360	0.966422501
1361	0.966271286
1362	0.966407929
1363	0.96669281
1364	0.966070252
1365	0.96647934
1366	0.966478729
1367	0.966148529
1368	0.96622818
1369	0.965977402
1370	0.966337357
1371	0.966088409
1372	0.966448288
1373	0.96596199
1374	0.96596077
1375	0.966162186
1376	0.966824646
1377	0.965856094
1378	0.966209412
1379	0.966622696
1380	0.966881409
1381	0.966430817
1382	0.967035751
1383	0.967065353
1384	0.966806488
1385	0.965995483
1386	0.966772232
1387	0.9667173
1388	0.966993179
1389	0.967016907
1390	0.966812897
1391	0.966683121
1392	0.967415466
1393	0.96617012
1394	0.967963638
1395	0.96746666
1396	0.967531052
1397	0.966725922
1398	0.967073364
1399	0.967404709
1400	0.966896744
1401	0.966348801
1402	0.967014694
1403	0.966947403
1404	0.967114105
1405	0.967292099
1406	0.967830582
1407	0.967305222
1408	0.967129669
1409	0.967048798
1410	0.96678833
1411	0.966741104
1412	0.967168427
1413	0.96751297
1414	0.967406769
1415	0.967153931
1416	0.967221527
1417	0.967470093
1418	0.967542572
1419	0.967945633
1420	0.967462921
1421	0.966587524
1422	0.967202148
1423	0.967003861
1424	0.967675934
1425	0.967867279
1426	0.968002091
1427	0.96787056
1428	0.967732925
1429	0.967520371
1430	0.96767746
1431	0.966847916
1432	0.968170853
1433	0.967319412
1434	0.96783371
1435	0.967763214
1436	0.967484665
1437	0.967161102
1438	0.967912445
1439	0.967754288
1440	0.967448502
1441	0.968090363
1442	0.967378769
1443	0.968069458
1444	0.967950592
1445	0.967092285
1446	0.96765831
1447	0.9674897
1448	0.967951202
1449	0.967806702
1450	0.967674942
1451	0.967601547
1452	0.967537155
1453	0.967705536
1454	0.96703331
1455	0.967705154
1456	0.96800148
1457	0.967739945
1458	0.967745209
1459	0.967763748
1460	0.967838287
1461	0.967969055
1462	0.968303223
1463	0.96817482
1464	0.967642746
1465	0.967729263
1466	0.968745194
1467	0.968253098
1468	0.967310715
1469	0.967794724
1470	0.967614136
1471	0.968609848
1472	0.9678862
1473	0.968410568
1474	0.967305985
1475	0.968043366
1476	0.967843323
1477	0.968740311
1478	0.967594452
1479	0.967598953
1480	0.968146286
1481	0.967941437
1482	0.967804642
1483	0.967620392
1484	0.96799469
1485	0.967940979
1486	0.968076782
1487	0.967601929
1488	0.967442627
1489	0.968577652
1490	0.968392944
1491	0.968391495
1492	0.968523254
1493	0.968619309
1494	0.968063126
1495	0.967816849
1496	0.968305664
1497	0.969083633
1498	0.968481522
1499	0.968315506
1500	0.96782547
1501	0.968920288
1502	0.96802269
1503	0.968531265
1504	0.967844467
1505	0.967837753
1506	0.968758316
1507	0.968012772
1508	0.967723999
1509	0.967841644
1510	0.96829361
1511	0.968097076
1512	0.967597809
1513	0.967860184
1514	0.967781754
1515	0.968606033
1516	0.968821716
1517	0.967620773
1518	0.96896759
1519	0.968067398
1520	0.968880081
1521	0.968111572
1522	0.968123322
1523	0.968116455
1524	0.969132004
1525	0.968161621
1526	0.967609787
1527	0.967946014
1528	0.967718887
1529	0.968284149
1530	0.967689362
1531	0.968065567
1532	0.968377304
1533	0.968143005
1534	0.968257217
1535	0.967828827
1536	0.968241577
1537	0.968879852
1538	0.968087921
1539	0.968351975
1540	0.968434601
1541	0.967986679
1542	0.968529816
1543	0.967651367
1544	0.968444519
1545	0.968719635
1546	0.968613586
1547	0.968509064
1548	0.968231964
1549	0.968032455
1550	0.968921738
1551	0.967573013
1552	0.967571945
1553	0.968784943
1554	0.968527679
1555	0.968715439
1556	0.968327332
1557	0.968774109
1558	0.968603821
1559	0.968030548
1560	0.968066101
1561	0.968220139
1562	0.968852539
1563	0.967905273
1564	0.968451843
1565	0.969068909
1566	0.96843895
1567	0.968907318
1568	0.968710251
1569	0.96818573
1570	0.968360596
1571	0.968507309
1572	0.969382248
1573	0.968562927
1574	0.968019943
1575	0.968440857
1576	0.968688736
1577	0.968289261
1578	0.96850441
1579	0.96876564
1580	0.968407364
1581	0.968911057
1582	0.968694992
1583	0.968982697
1584	0.968403626
1585	0.968610687
1586	0.96860733
1587	0.968635559
1588	0.96857193
1589	0.967552567
1590	0.968417053
1591	0.968952637
1592	0.968227539
1593	0.968573837
1594	0.968501358
1595	0.968268433
1596	0.968367615
1597	0.96848114
1598	0.969132004
1599	0.968059998
1600	0.968338394
1601	0.968430939
1602	0.96955246
1603	0.969315491
1604	0.967925644
1605	0.967444611
1606	0.968485489
1607	0.968827057
1608	0.968422852
1609	0.968457794
1610	0.96841362
1611	0.96826767
1612	0.968485794
1613	0.967950287
1614	0.969229965
1615	0.968410187
1616	0.968375244
1617	0.968659668
1618	0.968701859
1619	0.968477631
1620	0.968746338
1621	0.967880707
1622	0.96841301
1623	0.968247223
1624	0.969293289
1625	0.967738037
1626	0.968327942
1627	0.968260727
1628	0.968468628
1629	0.967619553
1630	0.968542404
1631	0.968542481
1632	0.967936096
1633	0.968300781
1634	0.968751144
1635	0.968463745
1636	0.9679879
1637	0.968691559
1638	0.967864685
1639	0.968093185
1640	0.968162003
1641	0.968161087
1642	0.968549347
1643	0.967853775
1644	0.967658157
1645	0.96857193
1646	0.968206177
1647	0.968416901
1648	0.968413773
1649	0.968843765
1650	0.968660278
1651	0.968228684
1652	0.968090439
1653	0.968874207
1654	0.968377914
1655	0.968519211
1656	0.96767189
1657	0.968723145
1658	0.968558807
1659	0.968312531
1660	0.967961578
1661	0.968289871
1662	0.968346329
1663	0.96837532
1664	0.968181763
1665	0.968302231
1666	0.968180618
1667	0.968423309
1668	0.968535156
1669	0.968320236
1670	0.968036957
1671	0.967927933
1672	0.968105698
1673	0.967564087
1674	0.968629913
1675	0.968002777
1676	0.967735596
1677	0.96817627
1678	0.968593597
1679	0.968284149
1680	0.968006516
1681	0.968925095
1682	0.968172913
1683	0.968317413
1684	0.968355255
1685	0.968844147
1686	0.967748718
1687	0.968243027
1688	0.96887764
1689	0.968196945
1690	0.967898102
1691	0.968271103
1692	0.968435593
1693	0.968221283
1694	0.96791008
1695	0.967985687
1696	0.969407349
1697	0.96875145
1698	0.968408127
1699	0.968102646
1700	0.968193588
1701	0.96916893
1702	0.967671356
1703	0.968925324
1704	0.969002533
1705	0.96835495
1706	0.9689608
1707	0.968319778
1708	0.968830795
1709	0.969154739
1710	0.968813553
1711	0.96842804
1712	0.969177017
1713	0.968331451
1714	0.969046173
1715	0.968149414
1716	0.96842186
1717	0.968850327
1718	0.968390198
1719	0.968428574
1720	0.968370743
1721	0.968808136
1722	0.968812561
1723	0.968615112
1724	0.968199768
1725	0.968056488
1726	0.968600693
1727	0.968343811
1728	0.968507919
1729	0.968717575
1730	0.968065643
1731	0.96862854
1732	0.968667831
1733	0.968788528
1734	0.969115448
1735	0.969625015
1736	0.96893837
1737	0.968220062
1738	0.969094162
1739	0.969116364
1740	0.968213043
1741	0.968837357
1742	0.968731003
1743	0.968932877
1744	0.968797379
1745	0.969512024
1746	0.968632507
1747	0.968205643
1748	0.969216919
1749	0.969116898
1750	0.96848671
1751	0.968460159
1752	0.968796845
1753	0.968798904
1754	0.969493179
1755	0.968181458
1756	0.968838959
1757	0.969281158
1758	0.968896027
1759	0.968619232
1760	0.96927536
1761	0.969074173
1762	0.969046021
1763	0.96838089
1764	0.969334869
1765	0.969385681
1766	0.968816681
1767	0.968683243
1768	0.969241791
1769	0.968623428
1770	0.968987656
1771	0.969069672
1772	0.968503799
1773	0.968773727
1774	0.969434891
1775	0.968967896
1776	0.969473648
1777	0.969652863
1778	0.969048462
1779	0.969400253
1780	0.968839493
1781	0.969405975
1782	0.969511261
1783	0.969237595
1784	0.968509522
1785	0.968817902
1786	0.969119186
1787	0.969040985
1788	0.968960495
1789	0.969178238
1790	0.968335266
1791	0.968878861
1792	0.969095001
1793	0.969274597
1794	0.968838959
1795	0.96952507
1796	0.969822617
1797	0.968849945
1798	0.968683853
1799	0.969319229
1800	0.969267502
1801	0.969413986
1802	0.969034119
1803	0.968890991
1804	0.96898201
1805	0.969217682
1806	0.969512711
1807	0.969381867
1808	0.969081726
1809	0.969824371
1810	0.969137116
1811	0.968442993
1812	0.969232025
1813	0.969318237
1814	0.968580933
1815	0.969395218
1816	0.969191284
1817	0.969761047
1818	0.969095459
1819	0.968694382
1820	0.969804688
1821	0.969132004
1822	0.968873291
1823	0.968858414
1824	0.969774628
1825	0.968981476
1826	0.96910202
1827	0.969082031
1828	0.968369751
1829	0.969150238
1830	0.969310379
1831	0.96921875
1832	0.96963707
1833	0.968367462
1834	0.968943176
1835	0.969998093
1836	0.969005737
1837	0.968953247
1838	0.969029236
1839	0.969637833
1840	0.968884277
1841	0.969452591
1842	0.969295502
1843	0.968978806
1844	0.969135819
1845	0.969113922
1846	0.969304581
1847	0.969744034
1848	0.968638916
1849	0.968924027
1850	0.969801025
1851	0.96882515
1852	0.968657455
1853	0.969966583
1854	0.969328613
1855	0.969739838
1856	0.970043793
1857	0.969572372
1858	0.969434891
1859	0.969814072
1860	0.970252304
1861	0.969417038
1862	0.969164276
1863	0.969909515
1864	0.969720917
1865	0.969545136
1866	0.969597778
1867	0.969773407
1868	0.96920517
1869	0.969831543
1870	0.969697266
1871	0.969564056
1872	0.970106506
1873	0.969831543
1874	0.968637543
1875	0.969025879
1876	0.97012207
1877	0.969781799
1878	0.969603729
1879	0.970562058
1880	0.96963829
1881	0.969669571
1882	0.96936882
1883	0.970170288
1884	0.969844208
1885	0.969918442
1886	0.969676819
1887	0.969699936
1888	0.969157181
1889	0.969900665
1890	0.970248184
1891	0.970225067
1892	0.970311966
1893	0.968537598
1894	0.970671387
1895	0.969864502
1896	0.970489044
1897	0.970075913
1898	0.970769348
1899	0.969506455
1900	0.970134506
1901	0.970068665
1902	0.97051506
1903	0.970445709
1904	0.970439072
1905	0.969767838
1906	0.970299759
1907	0.970194244
1908	0.969908371
1909	0.969576798
1910	0.970925674
1911	0.97013504
1912	0.970032425
1913	0.969854202
1914	0.97014885
1915	0.970791473
1916	0.971246796
1917	0.970383148
1918	0.971068802
1919	0.970605774
1920	0.970596085
1921	0.970224762
1922	0.969996338
1923	0.970329895
1924	0.969776535
1925	0.970760651
1926	0.970615082
1927	0.970783157
1928	0.970128021
1929	0.970712891
1930	0.970781174
1931	0.970008087
1932	0.970446167
1933	0.970604477
1934	0.971005936
1935	0.970398331
1936	0.970684967
1937	0.971241379
1938	0.970740051
1939	0.970817947
1940	0.970539246
1941	0.970905991
1942	0.971653595
1943	0.970620651
1944	0.970838089
1945	0.970627976
1946	0.970905228
1947	0.970672455
1948	0.970692902
1949	0.971223145
1950	0.971130905
1951	0.97014801
1952	0.970350647
1953	0.97098938
1954	0.970661316
1955	0.971097488
1956	0.971264801
1957	0.971605911
1958	0.970548172
1959	0.970646286
1960	0.970314407
1961	0.971226578
1962	0.970919418
1963	0.970763779
1964	0.971602783
1965	0.970993195
1966	0.971828003
1967	0.970609283
1968	0.972287674
1969	0.971125565
1970	0.970848846
1971	0.970942688
1972	0.971668549
1973	0.970823135
1974	0.970237351
1975	0.97182724
1976	0.971897354
1977	0.971126404
1978	0.97107933
1979	0.970932922
1980	0.972250519
1981	0.971742859
1982	0.970975723
1983	0.970746841
1984	0.971490402
1985	0.970576019
1986	0.972009201
1987	0.971689606
1988	0.970944367
1989	0.97121933
1990	0.971596909
1991	0.971941681
1992	0.971226349
1993	0.972030945
1994	0.971625137
1995	0.970562515
1996	0.970959396
1997	0.971648331
1998	0.971248703
1999	0.97160141
2000	0.972276688
2001	0.972919617
2002	0.972440796
2003	0.972220535
2004	0.97261528
2005	0.972310562
2006	0.971530762
2007	0.972616043
2008	0.972773209
2009	0.971894684
2010	0.972584839
2011	0.972482224
2012	0.973078995
2013	0.972115402
2014	0.97267273
2015	0.97292778
2016	0.972219238
2017	0.972788544
2018	0.972303696
2019	0.972370377
2020	0.973064423
2021	0.97278122
2022	0.972228165
2023	0.972825394
2024	0.973376541
2025	0.97221077
2026	0.972968826
2027	0.972889099
2028	0.973066711
2029	0.972679215
2030	0.972901611
2031	0.972240143
2032	0.973095856
2033	0.972900238
2034	0.972679749
2035	0.972887268
2036	0.972558975
2037	0.972894135
2038	0.972525864
2039	0.972814713
2040	0.972773819
2041	0.97283638
2042	0.97297142
2043	0.972676239
2044	0.9725737
2045	0.972989655
2046	0.97325882
2047	0.972732163
2048	0.972289887
2049	0.973246079
2050	0.972932663
2051	0.972290955
2052	0.973572464
2053	0.972950745
2054	0.972897415
2055	0.973128815
2056	0.973500977
2057	0.973077316
2058	0.973546143
2059	0.973356857
2060	0.973178787
2061	0.972937851
2062	0.973236389
2063	0.972817459
2064	0.97336647
2065	0.973220749
2066	0.973623352
2067	0.973310928
2068	0.972965622
2069	0.973116379
2070	0.972897339
2071	0.973508987
2072	0.973251419
2073	0.972879486
2074	0.97322113
2075	0.973807221
2076	0.973601151
2077	0.974148407
2078	0.973340302
2079	0.972839508
2080	0.972733765
2081	0.972741242
2082	0.97299942
2083	0.973492432
2084	0.974178619
2085	0.973071899
2086	0.972877197
2087	0.973311844
2088	0.973032761
2089	0.974071198
2090	0.973375778
2091	0.973466721
2092	0.97336937
2093	0.973255463
2094	0.973821945
2095	0.974123688
2096	0.973591232
2097	0.973644638
2098	0.973365326
2099	0.974047623
2100	0.973941193
2101	0.97357193
2102	0.97395256
2103	0.973364868
2104	0.973563156
2105	0.973595886
2106	0.974402084
2107	0.97384819
2108	0.972980347
2109	0.974187012
2110	0.974056931
2111	0.973199234
2112	0.973727188
2113	0.973623962
2114	0.974295654
2115	0.973499451
2116	0.974255829
2117	0.973662872
2118	0.973778915
2119	0.973932648
2120	0.973534241
2121	0.973361359
2122	0.974617386
2123	0.974046249
2124	0.973898773
2125	0.974051514
2126	0.974253616
2127	0.97421875
2128	0.973931274
2129	0.975057144
2130	0.974019318
2131	0.974178696
2132	0.974034653
2133	0.974495926
2134	0.973379517
2135	0.973818207
2136	0.973877106
2137	0.974110031
2138	0.974120483
2139	0.974074478
2140	0.975058289
2141	0.9739785
2142	0.973855591
2143	0.974070664
2144	0.97394516
2145	0.973996964
2146	0.974487763
2147	0.973500824
2148	0.974046249
2149	0.97392067
2150	0.973534622
2151	0.974376221
2152	0.974482422
2153	0.974047089
2154	0.974181976
2155	0.974087982
2156	0.974463959
2157	0.974845886
2158	0.974153595
2159	0.973504105
2160	0.974360962
2161	0.974313355
2162	0.973386307
2163	0.973624344
2164	0.975107269
2165	0.974119492
2166	0.974360962
2167	0.975091476
2168	0.97429039
2169	0.974629059
2170	0.974386902
2171	0.973796387
2172	0.974247589
2173	0.975036774
2174	0.974655685
2175	0.974509735
2176	0.974790344
2177	0.97496582
2178	0.974729538
2179	0.974712753
2180	0.974654465
2181	0.974244919
2182	0.974277268
2183	0.975244522
2184	0.974988251
2185	0.975137558
2186	0.975681
2187	0.975329361
2188	0.975873795
2189	0.97544075
2190	0.974698334
2191	0.975391541
2192	0.974321442
2193	0.974616547
2194	0.975336456
2195	0.975493774
2196	0.975189896
2197	0.975170975
2198	0.974992371
2199	0.975633926
2200	0.976018753
2201	0.975377274
2202	0.975566406
2203	0.975152512
2204	0.974905701
2205	0.975486298
2206	0.974713593
2207	0.975544663
2208	0.975308304
2209	0.97580925
2210	0.975121155
2211	0.975271072
2212	0.97508934
2213	0.975372162
2214	0.974962616
2215	0.975017319
2216	0.975191498
2217	0.97562294
2218	0.975313873
2219	0.975307922
2220	0.975222321
2221	0.97466423
2222	0.974782105
2223	0.975474854
2224	0.974949646
2225	0.975500488
2226	0.975633469
2227	0.975527649
2228	0.975225983
2229	0.975521469
2230	0.976006928
2231	0.975273285
2232	0.975518341
2233	0.975573273
2234	0.975585251
2235	0.974343796
2236	0.976112366
2237	0.976471329
2238	0.978359604
2239	0.976941986
2240	0.975835648
2241	0.975475388
2242	0.975075378
2243	0.976335983
2244	0.974868546
2245	0.976117172
2246	0.975460815
2247	0.975562592
2248	0.974681168
2249	0.975156632
2250	0.975455322
2251	0.975567017
2252	0.975475388
2253	0.975633392
2254	0.975936203
2255	0.977417908
2256	0.975659714
2257	0.975514755
2258	0.975866928
2259	0.976264648
2260	0.976384506
2261	0.976343536
2262	0.974890976
2263	0.975764771
2264	0.975532684
2265	0.977126617
2266	0.976847305
2267	0.976629257
2268	0.975779877
2269	0.976830902
2270	0.976380768
2271	0.975938721
2272	0.97696312
2273	0.97610321
2274	0.976434097
2275	0.975989075
2276	0.976285858
2277	0.976386871
2278	0.976111374
2279	0.975636444
2280	0.976102219
2281	0.975880585
2282	0.975424423
2283	0.974718323
2284	0.975594864
2285	0.975493927
2286	0.975396652
2287	0.975279236
2288	0.975664825
2289	0.976062164
2290	0.976498871
2291	0.975292282
2292	0.976096115
2293	0.97580658
2294	0.975890961
2295	0.976003494
2296	0.976319122
2297	0.976011124
2298	0.976134567
2299	0.976606598
2300	0.97692749
2301	0.977083054
2302	0.976039581
2303	0.977435074
2304	0.97733139
2305	0.976115189
2306	0.976735382
2307	0.97735466
2308	0.976838379
2309	0.976550064
2310	0.975969696
2311	0.977057953
2312	0.977725525
2313	0.976848145
2314	0.976729507
2315	0.976300507
2316	0.97701149
2317	0.977007446
2318	0.976713791
2319	0.977202072
2320	0.97811058
2321	0.977502441
2322	0.977065888
2323	0.977333603
2324	0.976883087
2325	0.976772995
2326	0.976744537
2327	0.9766716
2328	0.976809692
2329	0.97708374
2330	0.976171646
2331	0.975973434
2332	0.977223129
2333	0.976455841
2334	0.976808472
2335	0.977120667
2336	0.97708519
2337	0.976263123
2338	0.976415405
2339	0.976360321
2340	0.977285767
2341	0.977910309
2342	0.976492615
2343	0.977540207
2344	0.97728859
2345	0.977307587
2346	0.976357575
2347	0.977005158
2348	0.97718811
2349	0.977641754
2350	0.977395554
2351	0.977628937
2352	0.977034836
2353	0.977431564
2354	0.977604828
2355	0.976949463
2356	0.976373978
2357	0.97718277
2358	0.976947861
2359	0.977459946
2360	0.976903534
2361	0.976332398
2362	0.977357941
2363	0.977227631
2364	0.977620621
2365	0.977162323
2366	0.976965866
2367	0.976974945
2368	0.977031632
2369	0.976736527
2370	0.977161331
2371	0.977552033
2372	0.978145981
2373	0.977394562
2374	0.976938248
2375	0.977101288
2376	0.977609177
2377	0.976623917
2378	0.977236481
2379	0.977319794
2380	0.976862564
2381	0.976502152
2382	0.977774124
2383	0.977123642
2384	0.978088608
2385	0.977900238
2386	0.976865311
2387	0.978010788
2388	0.976497192
2389	0.978045349
2390	0.977442932
2391	0.978112183
2392	0.977647858
2393	0.975996475
2394	0.977729645
2395	0.978022385
2396	0.977250977
2397	0.977566376
2398	0.978422012
2399	0.977280731
2400	0.977093811
2401	0.978565826
2402	0.977784271
2403	0.978320007
2404	0.978248138
2405	0.977409515
2406	0.977769852
2407	0.978050766
2408	0.977950668
2409	0.977451325
2410	0.977820282
2411	0.978263702
2412	0.977743912
2413	0.97800499
2414	0.978733902
2415	0.977447815
2416	0.97733429
2417	0.97763916
2418	0.979088516
2419	0.978115158
2420	0.978196487
2421	0.978237839
2422	0.977448273
2423	0.978634872
2424	0.977829285
2425	0.977814941
2426	0.977302704
2427	0.97883522
2428	0.977912064
2429	0.977796707
2430	0.97791214
2431	0.978042145
2432	0.97774437
2433	0.978242188
2434	0.978451614
2435	0.977644119
2436	0.977430039
2437	0.978167038
2438	0.978636704
2439	0.978374329
2440	0.977693481
2441	0.977410889
2442	0.977873306
2443	0.977492371
2444	0.978344116
2445	0.97755333
2446	0.977413483
2447	0.977705154
2448	0.978296356
2449	0.978638077
2450	0.977610092
2451	0.977481995
2452	0.977531204
2453	0.977371597
2454	0.978284226
2455	0.977947159
2456	0.977022629
2457	0.977337799
2458	0.978053665
2459	0.978274918
2460	0.977344513
2461	0.977889404
2462	0.977827606
2463	0.977679138
2464	0.977672195
2465	0.977190247
2466	0.978302689
2467	0.977599869
2468	0.977705078
2469	0.977828827
2470	0.976603241
2471	0.977677002
2472	0.97793747
2473	0.977422867
2474	0.976935883
2475	0.9780233
2476	0.976743851
2477	0.977177048
2478	0.97705574
2479	0.97745224
2480	0.977610855
2481	0.978064728
2482	0.976781387
2483	0.977676926
2484	0.977660065
2485	0.978197174
2486	0.977441635
2487	0.977756653
2488	0.976672897
2489	0.977853165
2490	0.978118439
2491	0.977711411
2492	0.977669907
2493	0.977223282
2494	0.978049469
2495	0.977666931
2496	0.978804855
2497	0.977136688
2498	0.977442093
2499	0.977498474
2500	0.977703552
