200	0.799973145
201	0.802956924
202	0.807525253
203	0.811162338
204	0.814461136
205	0.817009201
206	0.821058884
207	0.823407135
208	0.827024536
209	0.82942215
210	0.831900787
211	0.834909897
212	0.837316742
213	0.838736877
214	0.841913147
215	0.843635025
216	0.845918732
217	0.847954483
218	0.849300919
219	0.851796875
220	0.852813263
221	0.854560776
222	0.855734329
223	0.857584076
224	0.859176712
225	0.860185242
226	0.861770935
227	0.862836075
228	0.864181824
229	0.86511795
230	0.865787201
231	0.866895447
232	0.86807869
233	0.868885269
234	0.869943695
235	0.870513763
236	0.871134033
237	0.872001801
238	0.872801209
239	0.873652649
240	0.874158936
241	0.874380035
242	0.875556717
243	0.876105042
244	0.876251373
245	0.876953735
246	0.87724205
247	0.877941132
248	0.878421555
249	0.878713379
250	0.879059448
251	0.879802933
252	0.879791336
253	0.880285721
254	0.881149063
255	0.881146393
256	0.881255875
257	0.882061997
258	0.881783829
259	0.882924805
260	0.882469788
261	0.882961273
262	0.883098373
263	0.88355835
264	0.883688049
265	0.884050751
266	0.884276276
267	0.884405899
268	0.884595718
269	0.884989471
270	0.884979019
271	0.885037918
272	0.886378098
273	0.885248489
274	0.88486496
275	0.88587822
276	0.885820618
277	0.88595314
278	0.886530914
279	0.887051773
280	0.886413193
281	0.886568146
282	0.887016907
283	0.887188187
284	0.887329254
285	0.887752304
286	0.887583084
287	0.887364197
288	0.888031387
289	0.887868347
290	0.888106842
291	0.88816864
292	0.888301315
293	0.888541718
294	0.888132324
295	0.888443604
296	0.888905716
297	0.8884935
298	0.888749008
299	0.889058456
300	0.888922348
301	0.889112396
302	0.889003677
303	0.888871765
304	0.889283829
305	0.888938675
306	0.889890823
307	0.8909021
308	0.890395813
309	0.890097809
310	0.889778137
311	0.890637054
312	0.89000946
313	0.890484467
314	0.891071396
315	0.890720444
316	0.890768204
317	0.892176437
318	0.890655441
319	0.889510117
320	0.891496201
321	0.891714706
322	0.890982971
323	0.891606751
324	0.892022476
325	0.890681534
326	0.891777725
327	0.891819153
328	0.890970841
329	0.89185669
330	0.893112717
331	0.892664948
332	0.891163559
333	0.893068314
334	0.892346191
335	0.892316666
336	0.892908859
337	0.892156372
338	0.892773132
339	0.89335907
340	0.892126999
341	0.893229218
342	0.89051033
343	0.893103256
344	0.892839737
345	0.892301636
346	0.892409592
347	0.894808044
348	0.894829941
349	0.894960785
350	0.895484695
351	0.897109222
352	0.89756752
353	0.895996018
354	0.898290787
355	0.896803131
356	0.898099594
357	0.897993164
358	0.896811981
359	0.899787521
360	0.89734726
361	0.897816849
362	0.897996674
363	0.89790657
364	0.8975354
365	0.897894974
366	0.897708206
367	0.898237305
368	0.897793503
369	0.89803894
370	0.897802734
371	0.897965469
372	0.897392807
373	0.898176727
374	0.897857285
375	0.898164825
376	0.897647324
377	0.897562714
378	0.898595581
379	0.896424179
380	0.897415543
381	0.897861786
382	0.898083649
383	0.898638916
384	0.898450317
385	0.89902153
386	0.897721024
387	0.898443298
388	0.898558502
389	0.89865654
390	0.898551483
391	0.898436661
392	0.898773499
393	0.898809509
394	0.898317413
395	0.898737946
396	0.898889465
397	0.898035507
398	0.898028641
399	0.898402481
400	0.899103622
401	0.899629898
402	0.898576279
403	0.898015213
404	0.899428482
405	0.898233185
406	0.898864594
407	0.899431686
408	0.899685745
409	0.898246536
410	0.899434052
411	0.898824005
412	0.898808212
413	0.898769836
414	0.899792328
415	0.897432327
416	0.899262924
417	0.898310928
418	0.89875206
419	0.898575363
420	0.898760452
421	0.898516846
422	0.89880249
423	0.898146973
424	0.898505096
425	0.89911911
426	0.898808136
427	0.897637482
428	0.89753891
429	0.899888229
430	0.897355576
431	0.898312225
432	0.89906044
433	0.897965393
434	0.897697678
435	0.898268585
436	0.897739105
437	0.897716827
438	0.899027634
439	0.898642502
440	0.898052139
441	0.897587738
442	0.897778015
443	0.89757225
444	0.898345032
445	0.897894669
446	0.898050613
447	0.897672501
448	0.898019562
449	0.897341919
450	0.898895035
451	0.898888397
452	0.898215485
453	0.897582245
454	0.897635346
455	0.897705078
456	0.897955933
457	0.896932221
458	0.897883987
459	0.89787735
460	0.898195343
461	0.897469559
462	0.897665253
463	0.897586594
464	0.897708588
465	0.897795258
466	0.897111664
467	0.897124786
468	0.89788681
469	0.897493286
470	0.896523132
471	0.897083817
472	0.897241211
473	0.896598358
474	0.897420578
475	0.897499619
476	0.89700592
477	0.897387848
478	0.896761017
479	0.897111816
480	0.896695175
481	0.895858841
482	0.896843338
483	0.897114868
484	0.896429062
485	0.896848908
486	0.896652679
487	0.896572876
488	0.896710053
489	0.896526642
490	0.896657715
491	0.896408157
492	0.89663475
493	0.895563736
494	0.896632385
495	0.896112976
496	0.895556946
497	0.895766144
498	0.895801926
499	0.896342773
500	0.895693588
501	0.895783005
502	0.895650482
503	0.895377045
504	0.895715942
505	0.896354218
506	0.894855804
507	0.895686112
508	0.895928955
509	0.895090179
510	0.895587845
511	0.895628662
512	0.89538002
513	0.895725098
514	0.894809494
515	0.894714661
516	0.895032425
517	0.895524979
518	0.894236374
519	0.894906006
520	0.895397186
521	0.894404907
522	0.894885178
523	0.894504471
524	0.895267105
525	0.894581146
526	0.894498062
527	0.895028534
528	0.89420578
529	0.895023346
530	0.894664307
531	0.894080429
532	0.894224854
533	0.893935394
534	0.893962021
535	0.893969498
536	0.894237061
537	0.893857193
538	0.89350174
539	0.894095001
540	0.89365036
541	0.893738403
542	0.893073654
543	0.893771515
544	0.893261337
545	0.893284683
546	0.89360054
547	0.892962799
548	0.893419724
549	0.893571625
550	0.89318428
551	0.892908707
552	0.892343445
553	0.893176804
554	0.89230545
555	0.892807617
556	0.892931595
557	0.89203598
558	0.891641464
559	0.891950378
560	0.892020721
561	0.891624451
562	0.891934509
563	0.892264938
564	0.891630402
565	0.89188118
566	0.891407929
567	0.890270157
568	0.890907288
569	0.891238937
570	0.891150894
571	0.891161804
572	0.890323639
573	0.891337204
574	0.890808716
575	0.89107605
576	0.890798187
577	0.890585175
578	0.890830841
579	0.890664902
580	0.889726486
581	0.889631348
582	0.890798187
583	0.889728317
584	0.889127731
585	0.890457459
586	0.889617081
587	0.889391632
588	0.889532471
589	0.889507675
590	0.889497528
591	0.888999252
592	0.88887001
593	0.88895874
594	0.889069519
595	0.88904213
596	0.888852158
597	0.888930283
598	0.888520355
599	0.88857605
600	0.887721252
601	0.888236923
602	0.888211899
603	0.888119125
604	0.887700577
605	0.887393494
606	0.887622299
607	0.88753006
608	0.887497253
609	0.886942749
610	0.886661606
611	0.886840515
612	0.887572556
613	0.886850433
614	0.886113892
615	0.886132355
616	0.887055054
617	0.885891266
618	0.885568619
619	0.885894547
620	0.885472794
621	0.885594177
622	0.885330734
623	0.885764313
624	0.885295944
625	0.885267563
626	0.884584198
627	0.884365234
628	0.885003586
629	0.884145584
630	0.883993149
631	0.883707886
632	0.884319153
633	0.88435318
634	0.883678131
635	0.883465118
636	0.883377914
637	0.883467331
638	0.883724518
639	0.882981339
640	0.882832336
641	0.88314743
642	0.882914124
643	0.881986313
644	0.882135696
645	0.8824617
646	0.882291031
647	0.881625214
648	0.882502899
649	0.881673203
650	0.880964661
651	0.881583099
652	0.881388016
653	0.881443024
654	0.881050568
655	0.880785446
656	0.880101471
657	0.880099182
658	0.880610504
659	0.880271606
660	0.879812622
661	0.879048767
662	0.879601059
663	0.879692383
664	0.87894661
665	0.878870544
666	0.878985214
667	0.878986435
668	0.877966538
669	0.878453903
670	0.877831879
671	0.877860565
672	0.878021317
673	0.877064362
674	0.877117767
675	0.877705536
676	0.877605515
677	0.876934128
678	0.876963654
679	0.876219864
680	0.875646057
681	0.876042481
682	0.876521454
683	0.875637283
684	0.875364227
685	0.87623909
686	0.875046692
687	0.875340958
688	0.875448303
689	0.875362473
690	0.874600601
691	0.874252472
692	0.874590683
693	0.874678421
694	0.873858872
695	0.873098221
696	0.874035568
697	0.872628403
698	0.872989883
699	0.872848358
700	0.872683182
701	0.872198792
702	0.872368317
703	0.872489471
704	0.872041779
705	0.871400528
706	0.871373901
707	0.870670013
708	0.869916382
709	0.870547714
710	0.87075798
711	0.870043335
712	0.8703508
713	0.869456635
714	0.869001007
715	0.869807663
716	0.86942482
717	0.869035263
718	0.869346466
719	0.868810654
720	0.867987289
721	0.867809906
722	0.867103043
723	0.866861496
724	0.866766205
725	0.867282944
726	0.86708168
727	0.866721726
728	0.865950241
729	0.866552658
730	0.864624939
731	0.866282959
732	0.865640717
733	0.864941406
734	0.865777969
735	0.863853149
736	0.864016266
737	0.864800186
738	0.862967148
739	0.86169693
740	0.863301544
741	0.86278595
742	0.863019714
743	0.861530914
744	0.862156372
745	0.862018051
746	0.861860886
747	0.861121368
748	0.860336151
749	0.859686508
750	0.86041153
751	0.860206909
752	0.859199677
753	0.859321594
754	0.859725494
755	0.858063965
756	0.858325729
757	0.858259811
758	0.858992539
759	0.857283936
760	0.857110672
761	0.856862717
762	0.856512375
763	0.856104202
764	0.855742645
765	0.855671692
766	0.854368439
767	0.854244003
768	0.852714081
769	0.853637619
770	0.853616333
771	0.854001617
772	0.850996018
773	0.853086929
774	0.850583115
775	0.850668488
776	0.851192551
777	0.852193604
778	0.851129913
779	0.848968048
780	0.848805542
781	0.847337418
782	0.847992172
783	0.848456345
784	0.847676239
785	0.847524567
786	0.846851959
787	0.847286911
788	0.845322113
789	0.845177536
790	0.844608383
791	0.844880066
792	0.844447861
793	0.845710678
794	0.844415588
795	0.841001205
796	0.842036743
797	0.842935867
798	0.843387756
799	0.840840302
800	0.845506058
801	0.845573044
802	0.842594452
803	0.847021256
804	0.84413681
805	0.843131027
806	0.844036636
807	0.84389885
808	0.842964096
809	0.842128525
810	0.841206513
811	0.84286087
812	0.841567764
813	0.838246689
814	0.841034012
815	0.840717697
816	0.839547119
817	0.840682373
818	0.841545639
819	0.839049683
820	0.840151901
821	0.839189301
822	0.840089645
823	0.839053879
824	0.840568314
825	0.837875671
826	0.839489517
827	0.841577225
828	0.839310608
829	0.842082977
830	0.839509506
831	0.840591812
832	0.840126343
833	0.83982399
834	0.84063179
835	0.841851578
836	0.840139237
837	0.842634354
838	0.842410507
839	0.841370544
840	0.841962662
841	0.842559586
842	0.841329498
843	0.843442154
844	0.844043274
845	0.844353409
846	0.844100189
847	0.844202576
848	0.846091156
849	0.845280609
850	0.84635376
851	0.846958771
852	0.847510834
853	0.84801033
854	0.847625351
855	0.849704437
856	0.848976669
857	0.850211639
858	0.850530319
859	0.851071625
860	0.851326294
861	0.852117844
862	0.853421326
863	0.8537323
864	0.855009995
865	0.855211868
866	0.856492691
867	0.857136993
868	0.858549271
869	0.856912079
870	0.858639679
871	0.862802277
872	0.861109619
873	0.861617203
874	0.862197952
875	0.864059982
876	0.865977783
877	0.867443008
878	0.869578552
879	0.87036293
880	0.871604614
881	0.872939606
882	0.873482132
883	0.87388176
884	0.873874741
885	0.873438416
886	0.871840134
887	0.871639557
888	0.871019592
889	0.869818039
890	0.869757538
891	0.869609222
892	0.869664841
893	0.869894409
894	0.871230469
895	0.87100647
896	0.872024841
897	0.872913437
898	0.872942734
899	0.874261627
900	0.874733276
901	0.875576325
902	0.875182495
903	0.876570358
904	0.877957459
905	0.877123871
906	0.878712006
907	0.879122086
908	0.880118027
909	0.879885025
910	0.880807648
911	0.881775208
912	0.882289429
913	0.88273346
914	0.883933106
915	0.883041
916	0.884539108
917	0.884697952
918	0.885699463
919	0.885513535
920	0.886077805
921	0.88736351
922	0.887402496
923	0.888121796
924	0.88908905
925	0.890149841
926	0.890135651
927	0.890965653
928	0.892207718
929	0.892932739
930	0.892727509
931	0.894216003
932	0.894351578
933	0.89529007
934	0.895394287
935	0.896202011
936	0.896526032
937	0.897783585
938	0.898013229
939	0.89875145
940	0.899254761
941	0.89978241
942	0.900026321
943	0.900659943
944	0.900658875
945	0.901424484
946	0.901580811
947	0.902454453
948	0.902739182
949	0.902840576
950	0.903204041
951	0.903595581
952	0.904426117
953	0.904843216
954	0.905204773
955	0.904987259
956	0.905782471
957	0.906394959
958	0.906380615
959	0.907401657
960	0.906558609
961	0.908231201
962	0.908324127
963	0.908628464
964	0.90869194
965	0.909604034
966	0.910014648
967	0.909784927
968	0.910807495
969	0.910952759
970	0.911551743
971	0.911288147
972	0.912127914
973	0.912543335
974	0.913152008
975	0.913810272
976	0.913455277
977	0.914883423
978	0.914846954
979	0.914966278
980	0.915098267
981	0.916414337
982	0.916097946
983	0.915468063
984	0.91688446
985	0.917105484
986	0.918019714
987	0.917590332
988	0.917885895
989	0.917867432
990	0.919221191
991	0.918753281
992	0.919589157
993	0.920075531
994	0.920158691
995	0.920770264
996	0.920561981
997	0.92197609
998	0.921902771
999	0.921920395
1000	0.922263718
1001	0.922639542
1002	0.923480911
1003	0.923550339
1004	0.924100571
1005	0.923917313
1006	0.924011536
1007	0.925368576
1008	0.924689484
1009	0.925180588
1010	0.925039978
1011	0.925320358
1012	0.926147003
1013	0.927255936
1014	0.927108231
1015	0.927094116
1016	0.926966248
1017	0.927639923
1018	0.92780571
1019	0.92832077
1020	0.927955399
1021	0.928070679
1022	0.928354874
1023	0.928567429
1024	0.928947144
1025	0.929072495
1026	0.929600067
1027	0.92955925
1028	0.930305557
1029	0.930500488
1030	0.930868835
1031	0.929927902
1032	0.930895767
1033	0.93113739
1034	0.931232758
1035	0.930725555
1036	0.931093292
1037	0.931955719
1038	0.931044464
1039	0.931654282
1040	0.931448059
1041	0.931922455
1042	0.932304382
1043	0.932748566
1044	0.932973404
1045	0.933214569
1046	0.932883987
1047	0.932873383
1048	0.933860626
1049	0.933857117
1050	0.933130188
1051	0.934219208
1052	0.933929215
1053	0.933893127
1054	0.933748932
1055	0.934857559
1056	0.934918366
1057	0.934819336
1058	0.935295258
1059	0.935051193
1060	0.935559235
1061	0.935788498
1062	0.936033783
1063	0.93623848
1064	0.934829788
1065	0.936559296
1066	0.936748352
1067	0.936605225
1068	0.936174469
1069	0.937254791
1070	0.93618866
1071	0.93658699
1072	0.937776947
1073	0.937395783
1074	0.937203903
1075	0.937843475
1076	0.937112503
1077	0.938185196
1078	0.937675476
1079	0.937980957
1080	0.938056717
1081	0.938314209
1082	0.938612366
1083	0.937870865
1084	0.939219666
1085	0.938975067
1086	0.938593292
1087	0.93888588
1088	0.939165802
1089	0.938647003
1090	0.939822083
1091	0.940267258
1092	0.939830856
1093	0.939661331
1094	0.939987946
1095	0.940511856
1096	0.939964371
1097	0.940083466
1098	0.940852356
1099	0.940214768
1100	0.941162567
1101	0.940553665
1102	0.941422348
1103	0.940748138
1104	0.940643387
1105	0.940423279
1106	0.940825424
1107	0.941290741
1108	0.941684189
1109	0.942168427
1110	0.9411232
1111	0.941766739
1112	0.942503433
1113	0.941996536
1114	0.940908737
1115	0.941811981
1116	0.941774979
1117	0.941897583
1118	0.941976318
1119	0.942746811
1120	0.942905808
1121	0.942370453
1122	0.941805496
1123	0.943086853
1124	0.943008499
1125	0.942583923
1126	0.943216629
1127	0.942999954
1128	0.943823929
1129	0.943507385
1130	0.943618927
1131	0.943237
1132	0.944121704
1133	0.943712997
1134	0.943310776
1135	0.944393997
1136	0.944083099
1137	0.943852768
1138	0.944383164
1139	0.944020462
1140	0.944352951
1141	0.943981552
1142	0.945021668
1143	0.945014801
1144	0.94430687
1145	0.944683838
1146	0.945259476
1147	0.944232025
1148	0.945090027
1149	0.944862289
1150	0.944370041
1151	0.944925156
1152	0.945524063
1153	0.944499512
1154	0.945482636
1155	0.94531868
1156	0.945457535
1157	0.944683151
1158	0.94537735
1159	0.946151276
1160	0.945767975
1161	0.946102753
1162	0.945931931
1163	0.945753326
1164	0.946691742
1165	0.945924301
1166	0.946001892
1167	0.945755768
1168	0.946251297
1169	0.945989609
1170	0.945806961
1171	0.946615448
1172	0.946664352
1173	0.946601105
1174	0.946427231
1175	0.945908814
1176	0.946739655
1177	0.946779022
1178	0.947340469
1179	0.947140808
1180	0.947155609
1181	0.947188187
1182	0.946551514
1183	0.946814652
1184	0.94669754
1185	0.94708786
1186	0.947539825
1187	0.947315292
1188	0.947238922
1189	0.947014008
1190	0.947683792
1191	0.947715759
1192	0.947305756
1193	0.947895203
1194	0.946590195
1195	0.94730957
1196	0.947957764
1197	0.948069916
1198	0.947730103
1199	0.947898789
1200	0.94793335
1201	0.946936493
1202	0.9473423
1203	0.947441406
1204	0.947215881
1205	0.947289429
1206	0.947756958
1207	0.947159805
1208	0.947017746
1209	0.947151794
1210	0.946940384
1211	0.94704773
1212	0.947125626
1213	0.947199783
1214	0.947087097
1215	0.948027115
1216	0.94817955
1217	0.948439484
1218	0.947527618
1219	0.948019409
1220	0.948175583
1221	0.948012543
1222	0.947966538
1223	0.947945023
1224	0.948455124
1225	0.947921524
1226	0.948340149
1227	0.948280563
1228	0.948557205
1229	0.948196564
1230	0.947911606
1231	0.948864365
1232	0.948775406
1233	0.948743744
1234	0.948818054
1235	0.949364471
1236	0.949627533
1237	0.948346787
1238	0.948637848
1239	0.948797913
1240	0.948977509
1241	0.949119415
1242	0.948518448
1243	0.949406052
1244	0.949290772
1245	0.949380417
1246	0.948903732
1247	0.949364243
1248	0.949437103
1249	0.949204865
1250	0.949403305
1251	0.949707108
1252	0.948684616
1253	0.949519501
1254	0.950000382
1255	0.949923096
1256	0.949721832
1257	0.949808807
1258	0.949853668
1259	0.949022598
1260	0.948853073
1261	0.950062408
1262	0.950127792
1263	0.949761581
1264	0.950247726
1265	0.950312882
1266	0.950323181
1267	0.950446167
1268	0.950235138
1269	0.950323715
1270	0.950110092
1271	0.950704956
1272	0.950632706
1273	0.950536499
1274	0.950565567
1275	0.951164475
1276	0.950218277
1277	0.950618973
1278	0.950751267
1279	0.950020447
1280	0.95096611
1281	0.950626984
1282	0.950595093
1283	0.950883255
1284	0.950609283
1285	0.950839539
1286	0.950867081
1287	0.950966721
1288	0.951059418
1289	0.951441345
1290	0.951191025
1291	0.951092911
1292	0.951427155
1293	0.950698547
1294	0.951008453
1295	0.951180573
1296	0.951804352
1297	0.951656952
1298	0.951627197
1299	0.951126785
1300	0.951816101
1301	0.951501083
1302	0.951183319
1303	0.951326447
1304	0.95151825
1305	0.951870041
1306	0.951069717
1307	0.951376038
1308	0.951530533
1309	0.952800751
1310	0.951295166
1311	0.95184967
1312	0.952044983
1313	0.951838532
1314	0.952064362
1315	0.952497253
1316	0.952582016
1317	0.95268631
1318	0.953320618
1319	0.953227463
1320	0.952313843
1321	0.952219086
1322	0.95292305
1323	0.953163834
1324	0.952486649
1325	0.95280777
1326	0.95296608
1327	0.952376022
1328	0.952899551
1329	0.95267334
1330	0.953209229
1331	0.953590164
1332	0.95266182
1333	0.952300797
1334	0.952768707
1335	0.952810898
1336	0.953189774
1337	0.953048706
1338	0.953373795
1339	0.95307045
1340	0.953407669
1341	0.953585815
1342	0.952668152
1343	0.953235092
1344	0.953729477
1345	0.952853088
1346	0.953496933
1347	0.953052292
1348	0.953932114
1349	0.953441391
1350	0.95374794
1351	0.953373566
1352	0.953698959
1353	0.953261948
1354	0.953277206
1355	0.952309113
1356	0.953558807
1357	0.9528022
1358	0.953487244
1359	0.953373261
1360	0.953922501
1361	0.953771286
1362	0.953907929
1363	0.95419281
1364	0.953570252
1365	0.95397934
1366	0.953978729
1367	0.953648529
1368	0.95372818
1369	0.953477402
1370	0.953837357
1371	0.953588409
1372	0.953948288
1373	0.95346199
1374	0.95346077
1375	0.953662186
1376	0.954324646
1377	0.953356094
1378	0.953709412
1379	0.954122696
1380	0.954381409
1381	0.953930817
1382	0.954535751
1383	0.954565353
1384	0.954306488
1385	0.953495483
1386	0.954272232
1387	0.9542173
1388	0.954493179
1389	0.954516907
1390	0.954312897
1391	0.954183121
1392	0.954915466
1393	0.95367012
1394	0.955463638
1395	0.95496666
1396	0.955031052
1397	0.954225922
1398	0.954573364
1399	0.954904709
1400	0.954396744
1401	0.953848801
1402	0.954514694
1403	0.954447403
1404	0.954614105
1405	0.954792099
1406	0.955330582
1407	0.954805222
1408	0.954629669
1409	0.954548798
1410	0.95428833
1411	0.954241104
1412	0.954668427
1413	0.95501297
1414	0.954906769
1415	0.954653931
1416	0.954721527
1417	0.954970093
1418	0.955042572
1419	0.955445633
1420	0.954962921
1421	0.954087524
1422	0.954702148
1423	0.954503861
1424	0.955175934
1425	0.955367279
1426	0.955502091
1427	0.95537056
1428	0.955232925
1429	0.955020371
1430	0.95517746
1431	0.954347916
1432	0.955670853
1433	0.954819412
1434	0.95533371
1435	0.955263214
1436	0.954984665
1437	0.954661102
1438	0.955412445
1439	0.955254288
1440	0.954948502
1441	0.955590363
1442	0.954878769
1443	0.955569458
1444	0.955450592
1445	0.954592285
1446	0.95515831
1447	0.9549897
1448	0.955451202
1449	0.955306702
1450	0.955174942
1451	0.955101547
1452	0.955037155
1453	0.955205536
1454	0.95453331
1455	0.955205154
1456	0.95550148
1457	0.955239945
1458	0.955245209
1459	0.955263748
1460	0.955338287
1461	0.955469055
1462	0.955803223
1463	0.95567482
1464	0.955142746
1465	0.955229263
1466	0.956245194
1467	0.955753098
1468	0.954810715
1469	0.955294724
1470	0.955114136
1471	0.956109848
1472	0.9553862
1473	0.955910568
1474	0.954805985
1475	0.955543366
1476	0.955343323
1477	0.956240311
1478	0.955094452
1479	0.955098953
1480	0.955646286
1481	0.955441437
1482	0.955304642
1483	0.955120392
1484	0.95549469
1485	0.955440979
1486	0.955576782
1487	0.955101929
1488	0.954942627
1489	0.956077652
1490	0.955892944
1491	0.955891495
1492	0.956023254
1493	0.956119309
1494	0.955563126
1495	0.955316849
1496	0.955805664
1497	0.956583633
1498	0.955981522
1499	0.955815506
1500	0.95532547
1501	0.956420288
1502	0.95552269
1503	0.956031265
1504	0.955344467
1505	0.955337753
1506	0.956258316
1507	0.955512772
1508	0.955223999
1509	0.955341644
1510	0.95579361
1511	0.955597076
1512	0.955097809
1513	0.955360184
1514	0.955281754
1515	0.956106033
1516	0.956321716
1517	0.955120773
1518	0.95646759
1519	0.955567398
1520	0.956380081
1521	0.955611572
1522	0.955623322
1523	0.955616455
1524	0.956632004
1525	0.955661621
1526	0.955109787
1527	0.955446014
1528	0.955218887
1529	0.955784149
1530	0.955189362
1531	0.955565567
1532	0.955877304
1533	0.955643005
1534	0.955757217
1535	0.955328827
1536	0.955741577
1537	0.956379852
1538	0.955587921
1539	0.955851975
1540	0.955934601
1541	0.955486679
1542	0.956029816
1543	0.955151367
1544	0.955944519
1545	0.956219635
1546	0.956113586
1547	0.956009064
1548	0.955731964
1549	0.955532455
1550	0.956421738
1551	0.955073013
1552	0.955071945
1553	0.956284943
1554	0.956027679
1555	0.956215439
1556	0.955827332
1557	0.956274109
1558	0.956103821
1559	0.955530548
1560	0.955566101
1561	0.955720139
1562	0.956352539
1563	0.955405273
1564	0.955951843
1565	0.956568909
1566	0.95593895
1567	0.956407318
1568	0.956210251
1569	0.95568573
1570	0.955860596
1571	0.956007309
1572	0.956882248
1573	0.956062927
1574	0.955519943
1575	0.955940857
1576	0.956188736
1577	0.955789261
1578	0.95600441
1579	0.95626564
1580	0.955907364
1581	0.956411057
1582	0.956194992
1583	0.956482697
1584	0.955903626
1585	0.956110687
1586	0.95610733
1587	0.956135559
1588	0.95607193
1589	0.955052567
1590	0.955917053
1591	0.956452637
1592	0.955727539
1593	0.956073837
1594	0.956001358
1595	0.955768433
1596	0.955867615
1597	0.95598114
1598	0.956632004
1599	0.955559998
1600	0.955838394
1601	0.955930939
1602	0.95705246
1603	0.956815491
1604	0.955425644
1605	0.954944611
1606	0.955985489
1607	0.956327057
1608	0.955922852
1609	0.955957794
1610	0.95591362
1611	0.95576767
1612	0.955985794
1613	0.955450287
1614	0.956729965
1615	0.955910187
1616	0.955875244
1617	0.956159668
1618	0.956201859
1619	0.955977631
1620	0.956246338
1621	0.955380707
1622	0.95591301
1623	0.955747223
1624	0.956793289
1625	0.955238037
1626	0.955827942
1627	0.955760727
1628	0.955968628
1629	0.955119553
1630	0.956042404
1631	0.956042481
1632	0.955436096
1633	0.955800781
1634	0.956251144
1635	0.955963745
1636	0.9554879
1637	0.956191559
1638	0.955364685
1639	0.955593185
1640	0.955662003
1641	0.955661087
1642	0.956049347
1643	0.955353775
1644	0.955158157
1645	0.95607193
1646	0.955706177
1647	0.955916901
1648	0.955913773
1649	0.956343765
1650	0.956160278
1651	0.955728684
1652	0.955590439
1653	0.956374207
1654	0.955877914
1655	0.956019211
1656	0.95517189
1657	0.956223145
1658	0.956058807
1659	0.955812531
1660	0.955461578
1661	0.955789871
1662	0.955846329
1663	0.95587532
1664	0.955681763
1665	0.955802231
1666	0.955680618
1667	0.955923309
1668	0.956035156
1669	0.955820236
1670	0.955536957
1671	0.955427933
1672	0.955605698
1673	0.955064087
1674	0.956129913
1675	0.955502777
1676	0.955235596
1677	0.95567627
1678	0.956093597
1679	0.955784149
1680	0.955506516
1681	0.956425095
1682	0.955672913
1683	0.955817413
1684	0.955855255
1685	0.956344147
1686	0.955248718
1687	0.955743027
1688	0.95637764
1689	0.955696945
1690	0.955398102
1691	0.955771103
1692	0.955935593
1693	0.955721283
1694	0.95541008
1695	0.955485687
1696	0.956907349
1697	0.95625145
1698	0.955908127
1699	0.955602646
1700	0.955693588
1701	0.95666893
1702	0.955171356
1703	0.956425324
1704	0.956502533
1705	0.95585495
1706	0.9564608
1707	0.955819778
1708	0.956330795
1709	0.956654739
1710	0.956313553
1711	0.95592804
1712	0.956677017
1713	0.955831451
1714	0.956546173
1715	0.955649414
1716	0.95592186
1717	0.956350327
1718	0.955890198
1719	0.955928574
1720	0.955870743
1721	0.956308136
1722	0.956312561
1723	0.956115112
1724	0.955699768
1725	0.955556488
1726	0.956100693
1727	0.955843811
1728	0.956007919
1729	0.956217575
1730	0.955565643
1731	0.95612854
1732	0.956167831
1733	0.956288528
1734	0.956615448
1735	0.957125015
1736	0.95643837
1737	0.955720062
1738	0.956594162
1739	0.956616364
1740	0.955713043
1741	0.956337357
1742	0.956231003
1743	0.956432877
1744	0.956297379
1745	0.957012024
1746	0.956132507
1747	0.955705643
1748	0.956716919
1749	0.956616898
1750	0.95598671
1751	0.955960159
1752	0.956296845
1753	0.956298904
1754	0.956993179
1755	0.955681458
1756	0.956338959
1757	0.956781158
1758	0.956396027
1759	0.956119232
1760	0.95677536
1761	0.956574173
1762	0.956546021
1763	0.95588089
1764	0.956834869
1765	0.956885681
1766	0.956316681
1767	0.956183243
1768	0.956741791
1769	0.956123428
1770	0.956487656
1771	0.956569672
1772	0.956003799
1773	0.956273727
1774	0.956934891
1775	0.956467896
1776	0.956973648
1777	0.957152863
1778	0.956548462
1779	0.956900253
1780	0.956339493
1781	0.956905975
1782	0.957011261
1783	0.956737595
1784	0.956009522
1785	0.956317902
1786	0.956619186
1787	0.956540985
1788	0.956460495
1789	0.956678238
1790	0.955835266
1791	0.956378861
1792	0.956595001
1793	0.956774597
1794	0.956338959
1795	0.95702507
1796	0.957322617
1797	0.956349945
1798	0.956183853
1799	0.956819229
1800	0.956767502
1801	0.956913986
1802	0.956534119
1803	0.956390991
1804	0.95648201
1805	0.956717682
1806	0.957012711
1807	0.956881867
1808	0.956581726
1809	0.957324371
1810	0.956637116
1811	0.955942993
1812	0.956732025
1813	0.956818237
1814	0.956080933
1815	0.956895218
1816	0.956691284
1817	0.957261047
1818	0.956595459
1819	0.956194382
1820	0.957304688
1821	0.956632004
1822	0.956373291
1823	0.956358414
1824	0.957274628
1825	0.956481476
1826	0.95660202
1827	0.956582031
1828	0.955869751
1829	0.956650238
1830	0.956810379
1831	0.95671875
1832	0.95713707
1833	0.955867462
1834	0.956443176
1835	0.957498093
1836	0.956505737
1837	0.956453247
1838	0.956529236
1839	0.957137833
1840	0.956384277
1841	0.956952591
1842	0.956795502
1843	0.956478806
1844	0.956635819
1845	0.956613922
1846	0.956804581
1847	0.957244034
1848	0.956138916
1849	0.956424027
1850	0.957301025
1851	0.95632515
1852	0.956157455
1853	0.957466583
1854	0.956828613
1855	0.957239838
1856	0.957543793
1857	0.957072372
1858	0.956934891
1859	0.957314072
1860	0.957752304
1861	0.956917038
1862	0.956664276
1863	0.957409515
1864	0.957220917
1865	0.957045136
1866	0.957097778
1867	0.957273407
1868	0.95670517
1869	0.957331543
1870	0.957197266
1871	0.957064056
1872	0.957606506
1873	0.957331543
1874	0.956137543
1875	0.956525879
1876	0.95762207
1877	0.957281799
1878	0.957103729
1879	0.958062058
1880	0.95713829
1881	0.957169571
1882	0.95686882
1883	0.957670288
1884	0.957344208
1885	0.957418442
1886	0.957176819
1887	0.957199936
1888	0.956657181
1889	0.957400665
1890	0.957748184
1891	0.957725067
1892	0.957811966
1893	0.956037598
1894	0.958171387
1895	0.957364502
1896	0.957989044
1897	0.957575913
1898	0.958269348
1899	0.957006455
1900	0.957634506
1901	0.957568665
1902	0.95801506
1903	0.957945709
1904	0.957939072
1905	0.957267838
1906	0.957799759
1907	0.957694244
1908	0.957408371
1909	0.957076798
1910	0.958425674
1911	0.95763504
1912	0.957532425
1913	0.957354202
1914	0.95764885
1915	0.958291473
1916	0.958746796
1917	0.957883148
1918	0.958568802
1919	0.958105774
1920	0.958096085
1921	0.957724762
1922	0.957496338
1923	0.957829895
1924	0.957276535
1925	0.958260651
1926	0.958115082
1927	0.958283157
1928	0.957628021
1929	0.958212891
1930	0.958281174
1931	0.957508087
1932	0.957946167
1933	0.958104477
1934	0.958505936
1935	0.957898331
1936	0.958184967
1937	0.958741379
1938	0.958240051
1939	0.958317947
1940	0.958039246
1941	0.958405991
1942	0.959153595
1943	0.958120651
1944	0.958338089
1945	0.958127976
1946	0.958405228
1947	0.958172455
1948	0.958192902
1949	0.958723145
1950	0.958630905
1951	0.95764801
1952	0.957850647
1953	0.95848938
1954	0.958161316
1955	0.958597488
1956	0.958764801
1957	0.959105911
1958	0.958048172
1959	0.958146286
1960	0.957814407
1961	0.958726578
1962	0.958419418
1963	0.958263779
1964	0.959102783
1965	0.958493195
1966	0.959328003
1967	0.958109283
1968	0.959787674
1969	0.958625565
1970	0.958348846
1971	0.958442688
1972	0.959168549
1973	0.958323135
1974	0.957737351
1975	0.95932724
1976	0.959397354
1977	0.958626404
1978	0.95857933
1979	0.958432922
1980	0.959750519
1981	0.959242859
1982	0.958475723
1983	0.958246841
1984	0.958990402
1985	0.958076019
1986	0.959509201
1987	0.959189606
1988	0.958444367
1989	0.95871933
1990	0.959096909
1991	0.959441681
1992	0.958726349
1993	0.959530945
1994	0.959125137
1995	0.958062515
1996	0.958459396
1997	0.959148331
1998	0.958748703
1999	0.95910141
2000	0.959776688
2001	0.960419617
2002	0.959940796
2003	0.959720535
2004	0.96011528
2005	0.959810562
2006	0.959030762
2007	0.960116043
2008	0.960273209
2009	0.959394684
2010	0.960084839
2011	0.959982224
2012	0.960578995
2013	0.959615402
2014	0.96017273
2015	0.96042778
2016	0.959719238
2017	0.960288544
2018	0.959803696
2019	0.959870377
2020	0.960564423
2021	0.96028122
2022	0.959728165
2023	0.960325394
2024	0.960876541
2025	0.95971077
2026	0.960468826
2027	0.960389099
2028	0.960566711
2029	0.960179215
2030	0.960401611
2031	0.959740143
2032	0.960595856
2033	0.960400238
2034	0.960179749
2035	0.960387268
2036	0.960058975
2037	0.960394135
2038	0.960025864
2039	0.960314713
2040	0.960273819
2041	0.96033638
2042	0.96047142
2043	0.960176239
2044	0.9600737
2045	0.960489655
2046	0.96075882
2047	0.960232163
2048	0.959789887
2049	0.960746079
2050	0.960432663
2051	0.959790955
2052	0.961072464
2053	0.960450745
2054	0.960397415
2055	0.960628815
2056	0.961000977
2057	0.960577316
2058	0.961046143
2059	0.960856857
2060	0.960678787
2061	0.960437851
2062	0.960736389
2063	0.960317459
2064	0.96086647
2065	0.960720749
2066	0.961123352
2067	0.960810928
2068	0.960465622
2069	0.960616379
2070	0.960397339
2071	0.961008987
2072	0.960751419
2073	0.960379486
2074	0.96072113
2075	0.961307221
2076	0.961101151
2077	0.961648407
2078	0.960840302
2079	0.960339508
2080	0.960233765
2081	0.960241242
2082	0.96049942
2083	0.960992432
2084	0.961678619
2085	0.960571899
2086	0.960377197
2087	0.960811844
2088	0.960532761
2089	0.961571198
2090	0.960875778
2091	0.960966721
2092	0.96086937
2093	0.960755463
2094	0.961321945
2095	0.961623688
2096	0.961091232
2097	0.961144638
2098	0.960865326
2099	0.961547623
2100	0.961441193
2101	0.96107193
2102	0.96145256
2103	0.960864868
2104	0.961063156
2105	0.961095886
2106	0.961902084
2107	0.96134819
2108	0.960480347
2109	0.961687012
2110	0.961556931
2111	0.960699234
2112	0.961227188
2113	0.961123962
2114	0.961795654
2115	0.960999451
2116	0.961755829
2117	0.961162872
2118	0.961278915
2119	0.961432648
2120	0.961034241
2121	0.960861359
2122	0.962117386
2123	0.961546249
2124	0.961398773
2125	0.961551514
2126	0.961753616
2127	0.96171875
2128	0.961431274
2129	0.962557144
2130	0.961519318
2131	0.961678696
2132	0.961534653
2133	0.961995926
2134	0.960879517
2135	0.961318207
2136	0.961377106
2137	0.961610031
2138	0.961620483
2139	0.961574478
2140	0.962558289
2141	0.9614785
2142	0.961355591
2143	0.961570664
2144	0.96144516
2145	0.961496964
2146	0.961987763
2147	0.961000824
2148	0.961546249
2149	0.96142067
2150	0.961034622
2151	0.961876221
2152	0.961982422
2153	0.961547089
2154	0.961681976
2155	0.961587982
2156	0.961963959
2157	0.962345886
2158	0.961653595
2159	0.961004105
2160	0.961860962
2161	0.961813355
2162	0.960886307
2163	0.961124344
2164	0.962607269
2165	0.961619492
2166	0.961860962
2167	0.962591476
2168	0.96179039
2169	0.962129059
2170	0.961886902
2171	0.961296387
2172	0.961747589
2173	0.962536774
2174	0.962155685
2175	0.962009735
2176	0.962290344
2177	0.96246582
2178	0.962229538
2179	0.962212753
2180	0.962154465
2181	0.961744919
2182	0.961777268
2183	0.962744522
2184	0.962488251
2185	0.962637558
2186	0.963181
2187	0.962829361
2188	0.963373795
2189	0.96294075
2190	0.962198334
2191	0.962891541
2192	0.961821442
2193	0.962116547
2194	0.962836456
2195	0.962993774
2196	0.962689896
2197	0.962670975
2198	0.962492371
2199	0.963133926
2200	0.963518753
2201	0.962877274
2202	0.963066406
2203	0.962652512
2204	0.962405701
2205	0.962986298
2206	0.962213593
2207	0.963044663
2208	0.962808304
2209	0.96330925
2210	0.962621155
2211	0.962771072
2212	0.96258934
2213	0.962872162
2214	0.962462616
2215	0.962517319
2216	0.962691498
2217	0.96312294
2218	0.962813873
2219	0.962807922
2220	0.962722321
2221	0.96216423
2222	0.962282105
2223	0.962974854
2224	0.962449646
2225	0.963000488
2226	0.963133469
2227	0.963027649
2228	0.962725983
2229	0.963021469
2230	0.963506928
2231	0.962773285
2232	0.963018341
2233	0.963073273
2234	0.963085251
2235	0.961843796
2236	0.963612366
2237	0.963971329
2238	0.965859604
2239	0.964441986
2240	0.963335648
2241	0.962975388
2242	0.962575378
2243	0.963835983
2244	0.962368546
2245	0.963617172
2246	0.962960815
2247	0.963062592
2248	0.962181168
2249	0.962656632
2250	0.962955322
2251	0.963067017
2252	0.962975388
2253	0.963133392
2254	0.963436203
2255	0.964917908
2256	0.963159714
2257	0.963014755
2258	0.963366928
2259	0.963764648
2260	0.963884506
2261	0.963843536
2262	0.962390976
2263	0.963264771
2264	0.963032684
2265	0.964626617
2266	0.964347305
2267	0.964129257
2268	0.963279877
2269	0.964330902
2270	0.963880768
2271	0.963438721
2272	0.96446312
2273	0.96360321
2274	0.963934097
2275	0.963489075
2276	0.963785858
2277	0.963886871
2278	0.963611374
2279	0.963136444
2280	0.963602219
2281	0.963380585
2282	0.962924423
2283	0.962218323
2284	0.963094864
2285	0.962993927
2286	0.962896652
2287	0.962779236
2288	0.963164825
2289	0.963562164
2290	0.963998871
2291	0.962792282
2292	0.963596115
2293	0.96330658
2294	0.963390961
2295	0.963503494
2296	0.963819122
2297	0.963511124
2298	0.963634567
2299	0.964106598
2300	0.96442749
2301	0.964583054
2302	0.963539581
2303	0.964935074
2304	0.96483139
2305	0.963615189
2306	0.964235382
2307	0.96485466
2308	0.964338379
2309	0.964050064
2310	0.963469696
2311	0.964557953
2312	0.965225525
2313	0.964348145
2314	0.964229507
2315	0.963800507
2316	0.96451149
2317	0.964507446
2318	0.964213791
2319	0.964702072
2320	0.96561058
2321	0.965002441
2322	0.964565888
2323	0.964833603
2324	0.964383087
2325	0.964272995
2326	0.964244537
2327	0.9641716
2328	0.964309692
2329	0.96458374
2330	0.963671646
2331	0.963473434
2332	0.964723129
2333	0.963955841
2334	0.964308472
2335	0.964620667
2336	0.96458519
2337	0.963763123
2338	0.963915405
2339	0.963860321
2340	0.964785767
2341	0.965410309
2342	0.963992615
2343	0.965040207
2344	0.96478859
2345	0.964807587
2346	0.963857575
2347	0.964505158
2348	0.96468811
2349	0.965141754
2350	0.964895554
2351	0.965128937
2352	0.964534836
2353	0.964931564
2354	0.965104828
2355	0.964449463
2356	0.963873978
2357	0.96468277
2358	0.964447861
2359	0.964959946
2360	0.964403534
2361	0.963832398
2362	0.964857941
2363	0.964727631
2364	0.965120621
2365	0.964662323
2366	0.964465866
2367	0.964474945
2368	0.964531632
2369	0.964236527
2370	0.964661331
2371	0.965052033
2372	0.965645981
2373	0.964894562
2374	0.964438248
2375	0.964601288
2376	0.965109177
2377	0.964123917
2378	0.964736481
2379	0.964819794
2380	0.964362564
2381	0.964002152
2382	0.965274124
2383	0.964623642
2384	0.965588608
2385	0.965400238
2386	0.964365311
2387	0.965510788
2388	0.963997192
2389	0.965545349
2390	0.964942932
2391	0.965612183
2392	0.965147858
2393	0.963496475
2394	0.965229645
2395	0.965522385
2396	0.964750977
2397	0.965066376
2398	0.965922012
2399	0.964780731
2400	0.964593811
2401	0.966065826
2402	0.965284271
2403	0.965820007
2404	0.965748138
2405	0.964909515
2406	0.965269852
2407	0.965550766
2408	0.965450668
2409	0.964951325
2410	0.965320282
2411	0.965763702
2412	0.965243912
2413	0.96550499
2414	0.966233902
2415	0.964947815
2416	0.96483429
2417	0.96513916
2418	0.966588516
2419	0.965615158
2420	0.965696487
2421	0.965737839
2422	0.964948273
2423	0.966134872
2424	0.965329285
2425	0.965314941
2426	0.964802704
2427	0.96633522
2428	0.965412064
2429	0.965296707
2430	0.96541214
2431	0.965542145
2432	0.96524437
2433	0.965742188
2434	0.965951614
2435	0.965144119
2436	0.964930039
2437	0.965667038
2438	0.966136704
2439	0.965874329
2440	0.965193481
2441	0.964910889
2442	0.965373306
2443	0.964992371
2444	0.965844116
2445	0.96505333
2446	0.964913483
2447	0.965205154
2448	0.965796356
2449	0.966138077
2450	0.965110092
2451	0.964981995
2452	0.965031204
2453	0.964871597
2454	0.965784226
2455	0.965447159
2456	0.964522629
2457	0.964837799
2458	0.965553665
2459	0.965774918
2460	0.964844513
2461	0.965389404
2462	0.965327606
2463	0.965179138
2464	0.965172195
2465	0.964690247
2466	0.965802689
2467	0.965099869
2468	0.965205078
2469	0.965328827
2470	0.964103241
2471	0.965177002
2472	0.96543747
2473	0.964922867
2474	0.964435883
2475	0.9655233
2476	0.964243851
2477	0.964677048
2478	0.96455574
2479	0.96495224
2480	0.965110855
2481	0.965564728
2482	0.964281387
2483	0.965176926
2484	0.965160065
2485	0.965697174
2486	0.964941635
2487	0.965256653
2488	0.964172897
2489	0.965353165
2490	0.965618439
2491	0.965211411
2492	0.965169907
2493	0.964723282
2494	0.965549469
2495	0.965166931
2496	0.966304855
2497	0.964636688
2498	0.964942093
2499	0.964998474
2500	0.965203552
