200	0.792473145
201	0.795456924
202	0.800025253
203	0.803662338
204	0.806961136
205	0.809509201
206	0.813558884
207	0.815907135
208	0.819524536
209	0.82192215
210	0.824400787
211	0.827409897
212	0.829816742
213	0.831236877
214	0.834413147
215	0.836135025
216	0.838418732
217	0.840454483
218	0.841800919
219	0.844296875
220	0.845313263
221	0.847060776
222	0.848234329
223	0.850084076
224	0.851676712
225	0.852685242
226	0.854270935
227	0.855336075
228	0.856681824
229	0.85761795
230	0.858287201
231	0.859395447
232	0.86057869
233	0.861385269
234	0.862443695
235	0.863013763
236	0.863634033
237	0.864501801
238	0.865301209
239	0.866152649
240	0.866658936
241	0.866880035
242	0.868056717
243	0.868605042
244	0.868751373
245	0.869453735
246	0.86974205
247	0.870441132
248	0.870921555
249	0.871213379
250	0.871559448
251	0.872302933
252	0.872291336
253	0.872785721
254	0.873649063
255	0.873646393
256	0.873755875
257	0.874561997
258	0.874283829
259	0.875424805
260	0.874969788
261	0.875461273
262	0.875598373
263	0.87605835
264	0.876188049
265	0.876550751
266	0.876776276
267	0.876905899
268	0.877095718
269	0.877489471
270	0.877479019
271	0.877537918
272	0.878878098
273	0.877748489
274	0.87736496
275	0.87837822
276	0.878320618
277	0.87845314
278	0.879030914
279	0.879551773
280	0.878913193
281	0.879068146
282	0.879516907
283	0.879688187
284	0.879829254
285	0.880252304
286	0.880083084
287	0.879864197
288	0.880531387
289	0.880368347
290	0.880606842
291	0.88066864
292	0.880801315
293	0.881041718
294	0.880632324
295	0.880943604
296	0.881405716
297	0.8809935
298	0.881249008
299	0.881558456
300	0.881422348
301	0.881612396
302	0.881503677
303	0.881371765
304	0.881783829
305	0.881438675
306	0.882390823
307	0.8834021
308	0.882895813
309	0.882597809
310	0.882278137
311	0.883137054
312	0.88250946
313	0.882984467
314	0.883571396
315	0.883220444
316	0.883268204
317	0.884676437
318	0.883155441
319	0.882010117
320	0.883996201
321	0.884214706
322	0.883482971
323	0.884106751
324	0.884522476
325	0.883181534
326	0.884277725
327	0.884319153
328	0.883470841
329	0.88435669
330	0.885612717
331	0.885164948
332	0.883663559
333	0.885568314
334	0.884846191
335	0.884816666
336	0.885408859
337	0.884656372
338	0.885273132
339	0.88585907
340	0.884626999
341	0.885729218
342	0.88301033
343	0.885603256
344	0.885339737
345	0.884801636
346	0.884909592
347	0.887308044
348	0.887329941
349	0.887460785
350	0.887984695
351	0.889609222
352	0.89006752
353	0.888496018
354	0.890790787
355	0.889303131
356	0.890599594
357	0.890493164
358	0.889311981
359	0.892287521
360	0.88984726
361	0.890316849
362	0.890496674
363	0.89040657
364	0.8900354
365	0.890394974
366	0.890208206
367	0.890737305
368	0.890293503
369	0.89053894
370	0.890302734
371	0.890465469
372	0.889892807
373	0.890676727
374	0.890357285
375	0.890664825
376	0.890147324
377	0.890062714
378	0.891095581
379	0.888924179
380	0.889915543
381	0.890361786
382	0.890583649
383	0.891138916
384	0.890950317
385	0.89152153
386	0.890221024
387	0.890943298
388	0.891058502
389	0.89115654
390	0.891051483
391	0.890936661
392	0.891273499
393	0.891309509
394	0.890817413
395	0.891237946
396	0.891389465
397	0.890535507
398	0.890528641
399	0.890902481
400	0.891603622
401	0.892129898
402	0.891076279
403	0.890515213
404	0.891928482
405	0.890733185
406	0.891364594
407	0.891931686
408	0.892185745
409	0.890746536
410	0.891934052
411	0.891324005
412	0.891308212
413	0.891269836
414	0.892292328
415	0.889932327
416	0.891762924
417	0.890810928
418	0.89125206
419	0.891075363
420	0.891260452
421	0.891016846
422	0.89130249
423	0.890646973
424	0.891005096
425	0.89161911
426	0.891308136
427	0.890137482
428	0.89003891
429	0.892388229
430	0.889855576
431	0.890812225
432	0.89156044
433	0.890465393
434	0.890197678
435	0.890768585
436	0.890239105
437	0.890216827
438	0.891527634
439	0.891142502
440	0.890552139
441	0.890087738
442	0.890278015
443	0.89007225
444	0.890845032
445	0.890394669
446	0.890550613
447	0.890172501
448	0.890519562
449	0.889841919
450	0.891395035
451	0.891388397
452	0.890715485
453	0.890082245
454	0.890135346
455	0.890205078
456	0.890455933
457	0.889432221
458	0.890383987
459	0.89037735
460	0.890695343
461	0.889969559
462	0.890165253
463	0.890086594
464	0.890208588
465	0.890295258
466	0.889611664
467	0.889624786
468	0.89038681
469	0.889993286
470	0.889023132
471	0.889583817
472	0.889741211
473	0.889098358
474	0.889920578
475	0.889999619
476	0.88950592
477	0.889887848
478	0.889261017
479	0.889611816
480	0.889195175
481	0.888358841
482	0.889343338
483	0.889614868
484	0.888929062
485	0.889348908
486	0.889152679
487	0.889072876
488	0.889210053
489	0.889026642
490	0.889157715
491	0.888908157
492	0.88913475
493	0.888063736
494	0.889132385
495	0.888612976
496	0.888056946
497	0.888266144
498	0.888301926
499	0.888842773
500	0.888193588
501	0.888283005
502	0.888150482
503	0.887877045
504	0.888215942
505	0.888854218
506	0.887355804
507	0.888186112
508	0.888428955
509	0.887590179
510	0.888087845
511	0.888128662
512	0.88788002
513	0.888225098
514	0.887309494
515	0.887214661
516	0.887532425
517	0.888024979
518	0.886736374
519	0.887406006
520	0.887897186
521	0.886904907
522	0.887385178
523	0.887004471
524	0.887767105
525	0.887081146
526	0.886998062
527	0.887528534
528	0.88670578
529	0.887523346
530	0.887164307
531	0.886580429
532	0.886724854
533	0.886435394
534	0.886462021
535	0.886469498
536	0.886737061
537	0.886357193
538	0.88600174
539	0.886595001
540	0.88615036
541	0.886238403
542	0.885573654
543	0.886271515
544	0.885761337
545	0.885784683
546	0.88610054
547	0.885462799
548	0.885919724
549	0.886071625
550	0.88568428
551	0.885408707
552	0.884843445
553	0.885676804
554	0.88480545
555	0.885307617
556	0.885431595
557	0.88453598
558	0.884141464
559	0.884450378
560	0.884520721
561	0.884124451
562	0.884434509
563	0.884764938
564	0.884130402
565	0.88438118
566	0.883907929
567	0.882770157
568	0.883407288
569	0.883738937
570	0.883650894
571	0.883661804
572	0.882823639
573	0.883837204
574	0.883308716
575	0.88357605
576	0.883298187
577	0.883085175
578	0.883330841
579	0.883164902
580	0.882226486
581	0.882131348
582	0.883298187
583	0.882228317
584	0.881627731
585	0.882957459
586	0.882117081
587	0.881891632
588	0.882032471
589	0.882007675
590	0.881997528
591	0.881499252
592	0.88137001
593	0.88145874
594	0.881569519
595	0.88154213
596	0.881352158
597	0.881430283
598	0.881020355
599	0.88107605
600	0.880221252
601	0.880736923
602	0.880711899
603	0.880619125
604	0.880200577
605	0.879893494
606	0.880122299
607	0.88003006
608	0.879997253
609	0.879442749
610	0.879161606
611	0.879340515
612	0.880072556
613	0.879350433
614	0.878613892
615	0.878632355
616	0.879555054
617	0.878391266
618	0.878068619
619	0.878394547
620	0.877972794
621	0.878094177
622	0.877830734
623	0.878264313
624	0.877795944
625	0.877767563
626	0.877084198
627	0.876865234
628	0.877503586
629	0.876645584
630	0.876493149
631	0.876207886
632	0.876819153
633	0.87685318
634	0.876178131
635	0.875965118
636	0.875877914
637	0.875967331
638	0.876224518
639	0.875481339
640	0.875332336
641	0.87564743
642	0.875414124
643	0.874486313
644	0.874635696
645	0.8749617
646	0.874791031
647	0.874125214
648	0.875002899
649	0.874173203
650	0.873464661
651	0.874083099
652	0.873888016
653	0.873943024
654	0.873550568
655	0.873285446
656	0.872601471
657	0.872599182
658	0.873110504
659	0.872771606
660	0.872312622
661	0.871548767
662	0.872101059
663	0.872192383
664	0.87144661
665	0.871370544
666	0.871485214
667	0.871486435
668	0.870466538
669	0.870953903
670	0.870331879
671	0.870360565
672	0.870521317
673	0.869564362
674	0.869617767
675	0.870205536
676	0.870105515
677	0.869434128
678	0.869463654
679	0.868719864
680	0.868146057
681	0.868542481
682	0.869021454
683	0.868137283
684	0.867864227
685	0.86873909
686	0.867546692
687	0.867840958
688	0.867948303
689	0.867862473
690	0.867100601
691	0.866752472
692	0.867090683
693	0.867178421
694	0.866358872
695	0.865598221
696	0.866535568
697	0.865128403
698	0.865489883
699	0.865348358
700	0.865183182
701	0.864698792
702	0.864868317
703	0.864989471
704	0.864541779
705	0.863900528
706	0.863873901
707	0.863170013
708	0.862416382
709	0.863047714
710	0.86325798
711	0.862543335
712	0.8628508
713	0.861956635
714	0.861501007
715	0.862307663
716	0.86192482
717	0.861535263
718	0.861846466
719	0.861310654
720	0.860487289
721	0.860309906
722	0.859603043
723	0.859361496
724	0.859266205
725	0.859782944
726	0.85958168
727	0.859221726
728	0.858450241
729	0.859052658
730	0.857124939
731	0.858782959
732	0.858140717
733	0.857441406
734	0.858277969
735	0.856353149
736	0.856516266
737	0.857300186
738	0.855467148
739	0.85419693
740	0.855801544
741	0.85528595
742	0.855519714
743	0.854030914
744	0.854656372
745	0.854518051
746	0.854360886
747	0.853621368
748	0.852836151
749	0.852186508
750	0.85291153
751	0.852706909
752	0.851699677
753	0.851821594
754	0.852225494
755	0.850563965
756	0.850825729
757	0.850759811
758	0.851492539
759	0.849783936
760	0.849610672
761	0.849362717
762	0.849012375
763	0.848604202
764	0.848242645
765	0.848171692
766	0.846868439
767	0.846744003
768	0.845214081
769	0.846137619
770	0.846116333
771	0.846501617
772	0.843496018
773	0.845586929
774	0.843083115
775	0.843168488
776	0.843692551
777	0.844693604
778	0.843629913
779	0.841468048
780	0.841305542
781	0.839837418
782	0.840492172
783	0.840956345
784	0.840176239
785	0.840024567
786	0.839351959
787	0.839786911
788	0.837822113
789	0.837677536
790	0.837108383
791	0.837380066
792	0.836947861
793	0.838210678
794	0.836915588
795	0.833501205
796	0.834536743
797	0.835435867
798	0.835887756
799	0.833340302
800	0.838006058
801	0.838073044
802	0.835094452
803	0.839521256
804	0.83663681
805	0.835631027
806	0.836536636
807	0.83639885
808	0.835464096
809	0.834628525
810	0.833706513
811	0.83536087
812	0.834067764
813	0.830746689
814	0.833534012
815	0.833217697
816	0.832047119
817	0.833182373
818	0.834045639
819	0.831549683
820	0.832651901
821	0.831689301
822	0.832589645
823	0.831553879
824	0.833068314
825	0.830375671
826	0.831989517
827	0.834077225
828	0.831810608
829	0.834582977
830	0.832009506
831	0.833091812
832	0.832626343
833	0.83232399
834	0.83313179
835	0.834351578
836	0.832639237
837	0.835134354
838	0.834910507
839	0.833870544
840	0.834462662
841	0.835059586
842	0.833829498
843	0.835942154
844	0.836543274
845	0.836853409
846	0.836600189
847	0.836702576
848	0.838591156
849	0.837780609
850	0.83885376
851	0.839458771
852	0.840010834
853	0.84051033
854	0.840125351
855	0.842204437
856	0.841476669
857	0.842711639
858	0.843030319
859	0.843571625
860	0.843826294
861	0.844617844
862	0.845921326
863	0.8462323
864	0.847509995
865	0.847711868
866	0.848992691
867	0.849636993
868	0.851049271
869	0.849412079
870	0.851139679
871	0.855302277
872	0.853609619
873	0.854117203
874	0.854697952
875	0.856559982
876	0.858477783
877	0.859943008
878	0.862078552
879	0.86286293
880	0.864104614
881	0.865439606
882	0.865982132
883	0.86638176
884	0.866374741
885	0.865938416
886	0.864340134
887	0.864139557
888	0.863519592
889	0.862318039
890	0.862257538
891	0.862109222
892	0.862164841
893	0.862394409
894	0.863730469
895	0.86350647
896	0.864524841
897	0.865413437
898	0.865442734
899	0.866761627
900	0.867233276
901	0.868076325
902	0.867682495
903	0.869070358
904	0.870457459
905	0.869623871
906	0.871212006
907	0.871622086
908	0.872618027
909	0.872385025
910	0.873307648
911	0.874275208
912	0.874789429
913	0.87523346
914	0.876433106
915	0.875541
916	0.877039108
917	0.877197952
918	0.878199463
919	0.878013535
920	0.878577805
921	0.87986351
922	0.879902496
923	0.880621796
924	0.88158905
925	0.882649841
926	0.882635651
927	0.883465653
928	0.884707718
929	0.885432739
930	0.885227509
931	0.886716003
932	0.886851578
933	0.88779007
934	0.887894287
935	0.888702011
936	0.889026032
937	0.890283585
938	0.890513229
939	0.89125145
940	0.891754761
941	0.89228241
942	0.892526321
943	0.893159943
944	0.893158875
945	0.893924484
946	0.894080811
947	0.894954453
948	0.895239182
949	0.895340576
950	0.895704041
951	0.896095581
952	0.896926117
953	0.897343216
954	0.897704773
955	0.897487259
956	0.898282471
957	0.898894959
958	0.898880615
959	0.899901657
960	0.899058609
961	0.900731201
962	0.900824127
963	0.901128464
964	0.90119194
965	0.902104034
966	0.902514648
967	0.902284927
968	0.903307495
969	0.903452759
970	0.904051743
971	0.903788147
972	0.904627914
973	0.905043335
974	0.905652008
975	0.906310272
976	0.905955277
977	0.907383423
978	0.907346954
979	0.907466278
980	0.907598267
981	0.908914337
982	0.908597946
983	0.907968063
984	0.90938446
985	0.909605484
986	0.910519714
987	0.910090332
988	0.910385895
989	0.910367432
990	0.911721191
991	0.911253281
992	0.912089157
993	0.912575531
994	0.912658691
995	0.913270264
996	0.913061981
997	0.91447609
998	0.914402771
999	0.914420395
1000	0.914763718
1001	0.915139542
1002	0.915980911
1003	0.916050339
1004	0.916600571
1005	0.916417313
1006	0.916511536
1007	0.917868576
1008	0.917189484
1009	0.917680588
1010	0.917539978
1011	0.917820358
1012	0.918647003
1013	0.919755936
1014	0.919608231
1015	0.919594116
1016	0.919466248
1017	0.920139923
1018	0.92030571
1019	0.92082077
1020	0.920455399
1021	0.920570679
1022	0.920854874
1023	0.921067429
1024	0.921447144
1025	0.921572495
1026	0.922100067
1027	0.92205925
1028	0.922805557
1029	0.923000488
1030	0.923368835
1031	0.922427902
1032	0.923395767
1033	0.92363739
1034	0.923732758
1035	0.923225555
1036	0.923593292
1037	0.924455719
1038	0.923544464
1039	0.924154282
1040	0.923948059
1041	0.924422455
1042	0.924804382
1043	0.925248566
1044	0.925473404
1045	0.925714569
1046	0.925383987
1047	0.925373383
1048	0.926360626
1049	0.926357117
1050	0.925630188
1051	0.926719208
1052	0.926429215
1053	0.926393127
1054	0.926248932
1055	0.927357559
1056	0.927418366
1057	0.927319336
1058	0.927795258
1059	0.927551193
1060	0.928059235
1061	0.928288498
1062	0.928533783
1063	0.92873848
1064	0.927329788
1065	0.929059296
1066	0.929248352
1067	0.929105225
1068	0.928674469
1069	0.929754791
1070	0.92868866
1071	0.92908699
1072	0.930276947
1073	0.929895783
1074	0.929703903
1075	0.930343475
1076	0.929612503
1077	0.930685196
1078	0.930175476
1079	0.930480957
1080	0.930556717
1081	0.930814209
1082	0.931112366
1083	0.930370865
1084	0.931719666
1085	0.931475067
1086	0.931093292
1087	0.93138588
1088	0.931665802
1089	0.931147003
1090	0.932322083
1091	0.932767258
1092	0.932330856
1093	0.932161331
1094	0.932487946
1095	0.933011856
1096	0.932464371
1097	0.932583466
1098	0.933352356
1099	0.932714768
1100	0.933662567
1101	0.933053665
1102	0.933922348
1103	0.933248138
1104	0.933143387
1105	0.932923279
1106	0.933325424
1107	0.933790741
1108	0.934184189
1109	0.934668427
1110	0.9336232
1111	0.934266739
1112	0.935003433
1113	0.934496536
1114	0.933408737
1115	0.934311981
1116	0.934274979
1117	0.934397583
1118	0.934476318
1119	0.935246811
1120	0.935405808
1121	0.934870453
1122	0.934305496
1123	0.935586853
1124	0.935508499
1125	0.935083923
1126	0.935716629
1127	0.935499954
1128	0.936323929
1129	0.936007385
1130	0.936118927
1131	0.935737
1132	0.936621704
1133	0.936212997
1134	0.935810776
1135	0.936893997
1136	0.936583099
1137	0.936352768
1138	0.936883164
1139	0.936520462
1140	0.936852951
1141	0.936481552
1142	0.937521668
1143	0.937514801
1144	0.93680687
1145	0.937183838
1146	0.937759476
1147	0.936732025
1148	0.937590027
1149	0.937362289
1150	0.936870041
1151	0.937425156
1152	0.938024063
1153	0.936999512
1154	0.937982636
1155	0.93781868
1156	0.937957535
1157	0.937183151
1158	0.93787735
1159	0.938651276
1160	0.938267975
1161	0.938602753
1162	0.938431931
1163	0.938253326
1164	0.939191742
1165	0.938424301
1166	0.938501892
1167	0.938255768
1168	0.938751297
1169	0.938489609
1170	0.938306961
1171	0.939115448
1172	0.939164352
1173	0.939101105
1174	0.938927231
1175	0.938408814
1176	0.939239655
1177	0.939279022
1178	0.939840469
1179	0.939640808
1180	0.939655609
1181	0.939688187
1182	0.939051514
1183	0.939314652
1184	0.93919754
1185	0.93958786
1186	0.940039825
1187	0.939815292
1188	0.939738922
1189	0.939514008
1190	0.940183792
1191	0.940215759
1192	0.939805756
1193	0.940395203
1194	0.939090195
1195	0.93980957
1196	0.940457764
1197	0.940569916
1198	0.940230103
1199	0.940398789
1200	0.94043335
1201	0.939436493
1202	0.9398423
1203	0.939941406
1204	0.939715881
1205	0.939789429
1206	0.940256958
1207	0.939659805
1208	0.939517746
1209	0.939651794
1210	0.939440384
1211	0.93954773
1212	0.939625626
1213	0.939699783
1214	0.939587097
1215	0.940527115
1216	0.94067955
1217	0.940939484
1218	0.940027618
1219	0.940519409
1220	0.940675583
1221	0.940512543
1222	0.940466538
1223	0.940445023
1224	0.940955124
1225	0.940421524
1226	0.940840149
1227	0.940780563
1228	0.941057205
1229	0.940696564
1230	0.940411606
1231	0.941364365
1232	0.941275406
1233	0.941243744
1234	0.941318054
1235	0.941864471
1236	0.942127533
1237	0.940846787
1238	0.941137848
1239	0.941297913
1240	0.941477509
1241	0.941619415
1242	0.941018448
1243	0.941906052
1244	0.941790772
1245	0.941880417
1246	0.941403732
1247	0.941864243
1248	0.941937103
1249	0.941704865
1250	0.941903305
1251	0.942207108
1252	0.941184616
1253	0.942019501
1254	0.942500382
1255	0.942423096
1256	0.942221832
1257	0.942308807
1258	0.942353668
1259	0.941522598
1260	0.941353073
1261	0.942562408
1262	0.942627792
1263	0.942261581
1264	0.942747726
1265	0.942812882
1266	0.942823181
1267	0.942946167
1268	0.942735138
1269	0.942823715
1270	0.942610092
1271	0.943204956
1272	0.943132706
1273	0.943036499
1274	0.943065567
1275	0.943664475
1276	0.942718277
1277	0.943118973
1278	0.943251267
1279	0.942520447
1280	0.94346611
1281	0.943126984
1282	0.943095093
1283	0.943383255
1284	0.943109283
1285	0.943339539
1286	0.943367081
1287	0.943466721
1288	0.943559418
1289	0.943941345
1290	0.943691025
1291	0.943592911
1292	0.943927155
1293	0.943198547
1294	0.943508453
1295	0.943680573
1296	0.944304352
1297	0.944156952
1298	0.944127197
1299	0.943626785
1300	0.944316101
1301	0.944001083
1302	0.943683319
1303	0.943826447
1304	0.94401825
1305	0.944370041
1306	0.943569717
1307	0.943876038
1308	0.944030533
1309	0.945300751
1310	0.943795166
1311	0.94434967
1312	0.944544983
1313	0.944338532
1314	0.944564362
1315	0.944997253
1316	0.945082016
1317	0.94518631
1318	0.945820618
1319	0.945727463
1320	0.944813843
1321	0.944719086
1322	0.94542305
1323	0.945663834
1324	0.944986649
1325	0.94530777
1326	0.94546608
1327	0.944876022
1328	0.945399551
1329	0.94517334
1330	0.945709229
1331	0.946090164
1332	0.94516182
1333	0.944800797
1334	0.945268707
1335	0.945310898
1336	0.945689774
1337	0.945548706
1338	0.945873795
1339	0.94557045
1340	0.945907669
1341	0.946085815
1342	0.945168152
1343	0.945735092
1344	0.946229477
1345	0.945353088
1346	0.945996933
1347	0.945552292
1348	0.946432114
1349	0.945941391
1350	0.94624794
1351	0.945873566
1352	0.946198959
1353	0.945761948
1354	0.945777206
1355	0.944809113
1356	0.946058807
1357	0.9453022
1358	0.945987244
1359	0.945873261
1360	0.946422501
1361	0.946271286
1362	0.946407929
1363	0.94669281
1364	0.946070252
1365	0.94647934
1366	0.946478729
1367	0.946148529
1368	0.94622818
1369	0.945977402
1370	0.946337357
1371	0.946088409
1372	0.946448288
1373	0.94596199
1374	0.94596077
1375	0.946162186
1376	0.946824646
1377	0.945856094
1378	0.946209412
1379	0.946622696
1380	0.946881409
1381	0.946430817
1382	0.947035751
1383	0.947065353
1384	0.946806488
1385	0.945995483
1386	0.946772232
1387	0.9467173
1388	0.946993179
1389	0.947016907
1390	0.946812897
1391	0.946683121
1392	0.947415466
1393	0.94617012
1394	0.947963638
1395	0.94746666
1396	0.947531052
1397	0.946725922
1398	0.947073364
1399	0.947404709
1400	0.946896744
1401	0.946348801
1402	0.947014694
1403	0.946947403
1404	0.947114105
1405	0.947292099
1406	0.947830582
1407	0.947305222
1408	0.947129669
1409	0.947048798
1410	0.94678833
1411	0.946741104
1412	0.947168427
1413	0.94751297
1414	0.947406769
1415	0.947153931
1416	0.947221527
1417	0.947470093
1418	0.947542572
1419	0.947945633
1420	0.947462921
1421	0.946587524
1422	0.947202148
1423	0.947003861
1424	0.947675934
1425	0.947867279
1426	0.948002091
1427	0.94787056
1428	0.947732925
1429	0.947520371
1430	0.94767746
1431	0.946847916
1432	0.948170853
1433	0.947319412
1434	0.94783371
1435	0.947763214
1436	0.947484665
1437	0.947161102
1438	0.947912445
1439	0.947754288
1440	0.947448502
1441	0.948090363
1442	0.947378769
1443	0.948069458
1444	0.947950592
1445	0.947092285
1446	0.94765831
1447	0.9474897
1448	0.947951202
1449	0.947806702
1450	0.947674942
1451	0.947601547
1452	0.947537155
1453	0.947705536
1454	0.94703331
1455	0.947705154
1456	0.94800148
1457	0.947739945
1458	0.947745209
1459	0.947763748
1460	0.947838287
1461	0.947969055
1462	0.948303223
1463	0.94817482
1464	0.947642746
1465	0.947729263
1466	0.948745194
1467	0.948253098
1468	0.947310715
1469	0.947794724
1470	0.947614136
1471	0.948609848
1472	0.9478862
1473	0.948410568
1474	0.947305985
1475	0.948043366
1476	0.947843323
1477	0.948740311
1478	0.947594452
1479	0.947598953
1480	0.948146286
1481	0.947941437
1482	0.947804642
1483	0.947620392
1484	0.94799469
1485	0.947940979
1486	0.948076782
1487	0.947601929
1488	0.947442627
1489	0.948577652
1490	0.948392944
1491	0.948391495
1492	0.948523254
1493	0.948619309
1494	0.948063126
1495	0.947816849
1496	0.948305664
1497	0.949083633
1498	0.948481522
1499	0.948315506
1500	0.94782547
1501	0.948920288
1502	0.94802269
1503	0.948531265
1504	0.947844467
1505	0.947837753
1506	0.948758316
1507	0.948012772
1508	0.947723999
1509	0.947841644
1510	0.94829361
1511	0.948097076
1512	0.947597809
1513	0.947860184
1514	0.947781754
1515	0.948606033
1516	0.948821716
1517	0.947620773
1518	0.94896759
1519	0.948067398
1520	0.948880081
1521	0.948111572
1522	0.948123322
1523	0.948116455
1524	0.949132004
1525	0.948161621
1526	0.947609787
1527	0.947946014
1528	0.947718887
1529	0.948284149
1530	0.947689362
1531	0.948065567
1532	0.948377304
1533	0.948143005
1534	0.948257217
1535	0.947828827
1536	0.948241577
1537	0.948879852
1538	0.948087921
1539	0.948351975
1540	0.948434601
1541	0.947986679
1542	0.948529816
1543	0.947651367
1544	0.948444519
1545	0.948719635
1546	0.948613586
1547	0.948509064
1548	0.948231964
1549	0.948032455
1550	0.948921738
1551	0.947573013
1552	0.947571945
1553	0.948784943
1554	0.948527679
1555	0.948715439
1556	0.948327332
1557	0.948774109
1558	0.948603821
1559	0.948030548
1560	0.948066101
1561	0.948220139
1562	0.948852539
1563	0.947905273
1564	0.948451843
1565	0.949068909
1566	0.94843895
1567	0.948907318
1568	0.948710251
1569	0.94818573
1570	0.948360596
1571	0.948507309
1572	0.949382248
1573	0.948562927
1574	0.948019943
1575	0.948440857
1576	0.948688736
1577	0.948289261
1578	0.94850441
1579	0.94876564
1580	0.948407364
1581	0.948911057
1582	0.948694992
1583	0.948982697
1584	0.948403626
1585	0.948610687
1586	0.94860733
1587	0.948635559
1588	0.94857193
1589	0.947552567
1590	0.948417053
1591	0.948952637
1592	0.948227539
1593	0.948573837
1594	0.948501358
1595	0.948268433
1596	0.948367615
1597	0.94848114
1598	0.949132004
1599	0.948059998
1600	0.948338394
1601	0.948430939
1602	0.94955246
1603	0.949315491
1604	0.947925644
1605	0.947444611
1606	0.948485489
1607	0.948827057
1608	0.948422852
1609	0.948457794
1610	0.94841362
1611	0.94826767
1612	0.948485794
1613	0.947950287
1614	0.949229965
1615	0.948410187
1616	0.948375244
1617	0.948659668
1618	0.948701859
1619	0.948477631
1620	0.948746338
1621	0.947880707
1622	0.94841301
1623	0.948247223
1624	0.949293289
1625	0.947738037
1626	0.948327942
1627	0.948260727
1628	0.948468628
1629	0.947619553
1630	0.948542404
1631	0.948542481
1632	0.947936096
1633	0.948300781
1634	0.948751144
1635	0.948463745
1636	0.9479879
1637	0.948691559
1638	0.947864685
1639	0.948093185
1640	0.948162003
1641	0.948161087
1642	0.948549347
1643	0.947853775
1644	0.947658157
1645	0.94857193
1646	0.948206177
1647	0.948416901
1648	0.948413773
1649	0.948843765
1650	0.948660278
1651	0.948228684
1652	0.948090439
1653	0.948874207
1654	0.948377914
1655	0.948519211
1656	0.94767189
1657	0.948723145
1658	0.948558807
1659	0.948312531
1660	0.947961578
1661	0.948289871
1662	0.948346329
1663	0.94837532
1664	0.948181763
1665	0.948302231
1666	0.948180618
1667	0.948423309
1668	0.948535156
1669	0.948320236
1670	0.948036957
1671	0.947927933
1672	0.948105698
1673	0.947564087
1674	0.948629913
1675	0.948002777
1676	0.947735596
1677	0.94817627
1678	0.948593597
1679	0.948284149
1680	0.948006516
1681	0.948925095
1682	0.948172913
1683	0.948317413
1684	0.948355255
1685	0.948844147
1686	0.947748718
1687	0.948243027
1688	0.94887764
1689	0.948196945
1690	0.947898102
1691	0.948271103
1692	0.948435593
1693	0.948221283
1694	0.94791008
1695	0.947985687
1696	0.949407349
1697	0.94875145
1698	0.948408127
1699	0.948102646
1700	0.948193588
1701	0.94916893
1702	0.947671356
1703	0.948925324
1704	0.949002533
1705	0.94835495
1706	0.9489608
1707	0.948319778
1708	0.948830795
1709	0.949154739
1710	0.948813553
1711	0.94842804
1712	0.949177017
1713	0.948331451
1714	0.949046173
1715	0.948149414
1716	0.94842186
1717	0.948850327
1718	0.948390198
1719	0.948428574
1720	0.948370743
1721	0.948808136
1722	0.948812561
1723	0.948615112
1724	0.948199768
1725	0.948056488
1726	0.948600693
1727	0.948343811
1728	0.948507919
1729	0.948717575
1730	0.948065643
1731	0.94862854
1732	0.948667831
1733	0.948788528
1734	0.949115448
1735	0.949625015
1736	0.94893837
1737	0.948220062
1738	0.949094162
1739	0.949116364
1740	0.948213043
1741	0.948837357
1742	0.948731003
1743	0.948932877
1744	0.948797379
1745	0.949512024
1746	0.948632507
1747	0.948205643
1748	0.949216919
1749	0.949116898
1750	0.94848671
1751	0.948460159
1752	0.948796845
1753	0.948798904
1754	0.949493179
1755	0.948181458
1756	0.948838959
1757	0.949281158
1758	0.948896027
1759	0.948619232
1760	0.94927536
1761	0.949074173
1762	0.949046021
1763	0.94838089
1764	0.949334869
1765	0.949385681
1766	0.948816681
1767	0.948683243
1768	0.949241791
1769	0.948623428
1770	0.948987656
1771	0.949069672
1772	0.948503799
1773	0.948773727
1774	0.949434891
1775	0.948967896
1776	0.949473648
1777	0.949652863
1778	0.949048462
1779	0.949400253
1780	0.948839493
1781	0.949405975
1782	0.949511261
1783	0.949237595
1784	0.948509522
1785	0.948817902
1786	0.949119186
1787	0.949040985
1788	0.948960495
1789	0.949178238
1790	0.948335266
1791	0.948878861
1792	0.949095001
1793	0.949274597
1794	0.948838959
1795	0.94952507
1796	0.949822617
1797	0.948849945
1798	0.948683853
1799	0.949319229
1800	0.949267502
1801	0.949413986
1802	0.949034119
1803	0.948890991
1804	0.94898201
1805	0.949217682
1806	0.949512711
1807	0.949381867
1808	0.949081726
1809	0.949824371
1810	0.949137116
1811	0.948442993
1812	0.949232025
1813	0.949318237
1814	0.948580933
1815	0.949395218
1816	0.949191284
1817	0.949761047
1818	0.949095459
1819	0.948694382
1820	0.949804688
1821	0.949132004
1822	0.948873291
1823	0.948858414
1824	0.949774628
1825	0.948981476
1826	0.94910202
1827	0.949082031
1828	0.948369751
1829	0.949150238
1830	0.949310379
1831	0.94921875
1832	0.94963707
1833	0.948367462
1834	0.948943176
1835	0.949998093
1836	0.949005737
1837	0.948953247
1838	0.949029236
1839	0.949637833
1840	0.948884277
1841	0.949452591
1842	0.949295502
1843	0.948978806
1844	0.949135819
1845	0.949113922
1846	0.949304581
1847	0.949744034
1848	0.948638916
1849	0.948924027
1850	0.949801025
1851	0.94882515
1852	0.948657455
1853	0.949966583
1854	0.949328613
1855	0.949739838
1856	0.950043793
1857	0.949572372
1858	0.949434891
1859	0.949814072
1860	0.950252304
1861	0.949417038
1862	0.949164276
1863	0.949909515
1864	0.949720917
1865	0.949545136
1866	0.949597778
1867	0.949773407
1868	0.94920517
1869	0.949831543
1870	0.949697266
1871	0.949564056
1872	0.950106506
1873	0.949831543
1874	0.948637543
1875	0.949025879
1876	0.95012207
1877	0.949781799
1878	0.949603729
1879	0.950562058
1880	0.94963829
1881	0.949669571
1882	0.94936882
1883	0.950170288
1884	0.949844208
1885	0.949918442
1886	0.949676819
1887	0.949699936
1888	0.949157181
1889	0.949900665
1890	0.950248184
1891	0.950225067
1892	0.950311966
1893	0.948537598
1894	0.950671387
1895	0.949864502
1896	0.950489044
1897	0.950075913
1898	0.950769348
1899	0.949506455
1900	0.950134506
1901	0.950068665
1902	0.95051506
1903	0.950445709
1904	0.950439072
1905	0.949767838
1906	0.950299759
1907	0.950194244
1908	0.949908371
1909	0.949576798
1910	0.950925674
1911	0.95013504
1912	0.950032425
1913	0.949854202
1914	0.95014885
1915	0.950791473
1916	0.951246796
1917	0.950383148
1918	0.951068802
1919	0.950605774
1920	0.950596085
1921	0.950224762
1922	0.949996338
1923	0.950329895
1924	0.949776535
1925	0.950760651
1926	0.950615082
1927	0.950783157
1928	0.950128021
1929	0.950712891
1930	0.950781174
1931	0.950008087
1932	0.950446167
1933	0.950604477
1934	0.951005936
1935	0.950398331
1936	0.950684967
1937	0.951241379
1938	0.950740051
1939	0.950817947
1940	0.950539246
1941	0.950905991
1942	0.951653595
1943	0.950620651
1944	0.950838089
1945	0.950627976
1946	0.950905228
1947	0.950672455
1948	0.950692902
1949	0.951223145
1950	0.951130905
1951	0.95014801
1952	0.950350647
1953	0.95098938
1954	0.950661316
1955	0.951097488
1956	0.951264801
1957	0.951605911
1958	0.950548172
1959	0.950646286
1960	0.950314407
1961	0.951226578
1962	0.950919418
1963	0.950763779
1964	0.951602783
1965	0.950993195
1966	0.951828003
1967	0.950609283
1968	0.952287674
1969	0.951125565
1970	0.950848846
1971	0.950942688
1972	0.951668549
1973	0.950823135
1974	0.950237351
1975	0.95182724
1976	0.951897354
1977	0.951126404
1978	0.95107933
1979	0.950932922
1980	0.952250519
1981	0.951742859
1982	0.950975723
1983	0.950746841
1984	0.951490402
1985	0.950576019
1986	0.952009201
1987	0.951689606
1988	0.950944367
1989	0.95121933
1990	0.951596909
1991	0.951941681
1992	0.951226349
1993	0.952030945
1994	0.951625137
1995	0.950562515
1996	0.950959396
1997	0.951648331
1998	0.951248703
1999	0.95160141
2000	0.952276688
2001	0.952919617
2002	0.952440796
2003	0.952220535
2004	0.95261528
2005	0.952310562
2006	0.951530762
2007	0.952616043
2008	0.952773209
2009	0.951894684
2010	0.952584839
2011	0.952482224
2012	0.953078995
2013	0.952115402
2014	0.95267273
2015	0.95292778
2016	0.952219238
2017	0.952788544
2018	0.952303696
2019	0.952370377
2020	0.953064423
2021	0.95278122
2022	0.952228165
2023	0.952825394
2024	0.953376541
2025	0.95221077
2026	0.952968826
2027	0.952889099
2028	0.953066711
2029	0.952679215
2030	0.952901611
2031	0.952240143
2032	0.953095856
2033	0.952900238
2034	0.952679749
2035	0.952887268
2036	0.952558975
2037	0.952894135
2038	0.952525864
2039	0.952814713
2040	0.952773819
2041	0.95283638
2042	0.95297142
2043	0.952676239
2044	0.9525737
2045	0.952989655
2046	0.95325882
2047	0.952732163
2048	0.952289887
2049	0.953246079
2050	0.952932663
2051	0.952290955
2052	0.953572464
2053	0.952950745
2054	0.952897415
2055	0.953128815
2056	0.953500977
2057	0.953077316
2058	0.953546143
2059	0.953356857
2060	0.953178787
2061	0.952937851
2062	0.953236389
2063	0.952817459
2064	0.95336647
2065	0.953220749
2066	0.953623352
2067	0.953310928
2068	0.952965622
2069	0.953116379
2070	0.952897339
2071	0.953508987
2072	0.953251419
2073	0.952879486
2074	0.95322113
2075	0.953807221
2076	0.953601151
2077	0.954148407
2078	0.953340302
2079	0.952839508
2080	0.952733765
2081	0.952741242
2082	0.95299942
2083	0.953492432
2084	0.954178619
2085	0.953071899
2086	0.952877197
2087	0.953311844
2088	0.953032761
2089	0.954071198
2090	0.953375778
2091	0.953466721
2092	0.95336937
2093	0.953255463
2094	0.953821945
2095	0.954123688
2096	0.953591232
2097	0.953644638
2098	0.953365326
2099	0.954047623
2100	0.953941193
2101	0.95357193
2102	0.95395256
2103	0.953364868
2104	0.953563156
2105	0.953595886
2106	0.954402084
2107	0.95384819
2108	0.952980347
2109	0.954187012
2110	0.954056931
2111	0.953199234
2112	0.953727188
2113	0.953623962
2114	0.954295654
2115	0.953499451
2116	0.954255829
2117	0.953662872
2118	0.953778915
2119	0.953932648
2120	0.953534241
2121	0.953361359
2122	0.954617386
2123	0.954046249
2124	0.953898773
2125	0.954051514
2126	0.954253616
2127	0.95421875
2128	0.953931274
2129	0.955057144
2130	0.954019318
2131	0.954178696
2132	0.954034653
2133	0.954495926
2134	0.953379517
2135	0.953818207
2136	0.953877106
2137	0.954110031
2138	0.954120483
2139	0.954074478
2140	0.955058289
2141	0.9539785
2142	0.953855591
2143	0.954070664
2144	0.95394516
2145	0.953996964
2146	0.954487763
2147	0.953500824
2148	0.954046249
2149	0.95392067
2150	0.953534622
2151	0.954376221
2152	0.954482422
2153	0.954047089
2154	0.954181976
2155	0.954087982
2156	0.954463959
2157	0.954845886
2158	0.954153595
2159	0.953504105
2160	0.954360962
2161	0.954313355
2162	0.953386307
2163	0.953624344
2164	0.955107269
2165	0.954119492
2166	0.954360962
2167	0.955091476
2168	0.95429039
2169	0.954629059
2170	0.954386902
2171	0.953796387
2172	0.954247589
2173	0.955036774
2174	0.954655685
2175	0.954509735
2176	0.954790344
2177	0.95496582
2178	0.954729538
2179	0.954712753
2180	0.954654465
2181	0.954244919
2182	0.954277268
2183	0.955244522
2184	0.954988251
2185	0.955137558
2186	0.955681
2187	0.955329361
2188	0.955873795
2189	0.95544075
2190	0.954698334
2191	0.955391541
2192	0.954321442
2193	0.954616547
2194	0.955336456
2195	0.955493774
2196	0.955189896
2197	0.955170975
2198	0.954992371
2199	0.955633926
2200	0.956018753
2201	0.955377274
2202	0.955566406
2203	0.955152512
2204	0.954905701
2205	0.955486298
2206	0.954713593
2207	0.955544663
2208	0.955308304
2209	0.95580925
2210	0.955121155
2211	0.955271072
2212	0.95508934
2213	0.955372162
2214	0.954962616
2215	0.955017319
2216	0.955191498
2217	0.95562294
2218	0.955313873
2219	0.955307922
2220	0.955222321
2221	0.95466423
2222	0.954782105
2223	0.955474854
2224	0.954949646
2225	0.955500488
2226	0.955633469
2227	0.955527649
2228	0.955225983
2229	0.955521469
2230	0.956006928
2231	0.955273285
2232	0.955518341
2233	0.955573273
2234	0.955585251
2235	0.954343796
2236	0.956112366
2237	0.956471329
2238	0.958359604
2239	0.956941986
2240	0.955835648
2241	0.955475388
2242	0.955075378
2243	0.956335983
2244	0.954868546
2245	0.956117172
2246	0.955460815
2247	0.955562592
2248	0.954681168
2249	0.955156632
2250	0.955455322
2251	0.955567017
2252	0.955475388
2253	0.955633392
2254	0.955936203
2255	0.957417908
2256	0.955659714
2257	0.955514755
2258	0.955866928
2259	0.956264648
2260	0.956384506
2261	0.956343536
2262	0.954890976
2263	0.955764771
2264	0.955532684
2265	0.957126617
2266	0.956847305
2267	0.956629257
2268	0.955779877
2269	0.956830902
2270	0.956380768
2271	0.955938721
2272	0.95696312
2273	0.95610321
2274	0.956434097
2275	0.955989075
2276	0.956285858
2277	0.956386871
2278	0.956111374
2279	0.955636444
2280	0.956102219
2281	0.955880585
2282	0.955424423
2283	0.954718323
2284	0.955594864
2285	0.955493927
2286	0.955396652
2287	0.955279236
2288	0.955664825
2289	0.956062164
2290	0.956498871
2291	0.955292282
2292	0.956096115
2293	0.95580658
2294	0.955890961
2295	0.956003494
2296	0.956319122
2297	0.956011124
2298	0.956134567
2299	0.956606598
2300	0.95692749
2301	0.957083054
2302	0.956039581
2303	0.957435074
2304	0.95733139
2305	0.956115189
2306	0.956735382
2307	0.95735466
2308	0.956838379
2309	0.956550064
2310	0.955969696
2311	0.957057953
2312	0.957725525
2313	0.956848145
2314	0.956729507
2315	0.956300507
2316	0.95701149
2317	0.957007446
2318	0.956713791
2319	0.957202072
2320	0.95811058
2321	0.957502441
2322	0.957065888
2323	0.957333603
2324	0.956883087
2325	0.956772995
2326	0.956744537
2327	0.9566716
2328	0.956809692
2329	0.95708374
2330	0.956171646
2331	0.955973434
2332	0.957223129
2333	0.956455841
2334	0.956808472
2335	0.957120667
2336	0.95708519
2337	0.956263123
2338	0.956415405
2339	0.956360321
2340	0.957285767
2341	0.957910309
2342	0.956492615
2343	0.957540207
2344	0.95728859
2345	0.957307587
2346	0.956357575
2347	0.957005158
2348	0.95718811
2349	0.957641754
2350	0.957395554
2351	0.957628937
2352	0.957034836
2353	0.957431564
2354	0.957604828
2355	0.956949463
2356	0.956373978
2357	0.95718277
2358	0.956947861
2359	0.957459946
2360	0.956903534
2361	0.956332398
2362	0.957357941
2363	0.957227631
2364	0.957620621
2365	0.957162323
2366	0.956965866
2367	0.956974945
2368	0.957031632
2369	0.956736527
2370	0.957161331
2371	0.957552033
2372	0.958145981
2373	0.957394562
2374	0.956938248
2375	0.957101288
2376	0.957609177
2377	0.956623917
2378	0.957236481
2379	0.957319794
2380	0.956862564
2381	0.956502152
2382	0.957774124
2383	0.957123642
2384	0.958088608
2385	0.957900238
2386	0.956865311
2387	0.958010788
2388	0.956497192
2389	0.958045349
2390	0.957442932
2391	0.958112183
2392	0.957647858
2393	0.955996475
2394	0.957729645
2395	0.958022385
2396	0.957250977
2397	0.957566376
2398	0.958422012
2399	0.957280731
2400	0.957093811
2401	0.958565826
2402	0.957784271
2403	0.958320007
2404	0.958248138
2405	0.957409515
2406	0.957769852
2407	0.958050766
2408	0.957950668
2409	0.957451325
2410	0.957820282
2411	0.958263702
2412	0.957743912
2413	0.95800499
2414	0.958733902
2415	0.957447815
2416	0.95733429
2417	0.95763916
2418	0.959088516
2419	0.958115158
2420	0.958196487
2421	0.958237839
2422	0.957448273
2423	0.958634872
2424	0.957829285
2425	0.957814941
2426	0.957302704
2427	0.95883522
2428	0.957912064
2429	0.957796707
2430	0.95791214
2431	0.958042145
2432	0.95774437
2433	0.958242188
2434	0.958451614
2435	0.957644119
2436	0.957430039
2437	0.958167038
2438	0.958636704
2439	0.958374329
2440	0.957693481
2441	0.957410889
2442	0.957873306
2443	0.957492371
2444	0.958344116
2445	0.95755333
2446	0.957413483
2447	0.957705154
2448	0.958296356
2449	0.958638077
2450	0.957610092
2451	0.957481995
2452	0.957531204
2453	0.957371597
2454	0.958284226
2455	0.957947159
2456	0.957022629
2457	0.957337799
2458	0.958053665
2459	0.958274918
2460	0.957344513
2461	0.957889404
2462	0.957827606
2463	0.957679138
2464	0.957672195
2465	0.957190247
2466	0.958302689
2467	0.957599869
2468	0.957705078
2469	0.957828827
2470	0.956603241
2471	0.957677002
2472	0.95793747
2473	0.957422867
2474	0.956935883
2475	0.9580233
2476	0.956743851
2477	0.957177048
2478	0.95705574
2479	0.95745224
2480	0.957610855
2481	0.958064728
2482	0.956781387
2483	0.957676926
2484	0.957660065
2485	0.958197174
2486	0.957441635
2487	0.957756653
2488	0.956672897
2489	0.957853165
2490	0.958118439
2491	0.957711411
2492	0.957669907
2493	0.957223282
2494	0.958049469
2495	0.957666931
2496	0.958804855
2497	0.957136688
2498	0.957442093
2499	0.957498474
2500	0.957703552
