3.339999914169E-01 1.000000000000E+00 2.500000000000E+01
3.499999940395E-01 1.000000000000E+00 2.500000000000E+01
3.650000095367E-01 1.000000000000E+00 2.500000000000E+01
3.700000047684E-01 1.000000000000E+00 2.500000000000E+01
3.799999952316E-01 1.000000000000E+00 2.500000000000E+01
3.899999856949E-01 1.000000000000E+00 2.500000000000E+01
4.000000059605E-01 1.000000000000E+00 2.500000000000E+01
4.199999868870E-01 1.000000000000E+00 2.500000000000E+01
4.600000083447E-01 1.000000000000E+00 2.500000000000E+01
5.000000000000E-01 1.000000000000E+00 2.500000000000E+01
6.600000262260E-01 1.000000000000E+00 2.500000000000E+01
1.059999942780E+00 1.000000000000E+00 2.500000000000E+01
1.529000043869E+00 1.000000000000E+00 2.500000000000E+01
2.325000047684E+00 1.000000000000E+00 2.500000000000E+01
2.555000047684E+00 1.000000000000E+00 2.500000000000E+01
