2.399999946356E-01 0.000000000000E+00 1.000000000000E+01
2.500000000000E-01 0.000000000000E+00 1.000000000000E+01
2.599999904633E-01 0.000000000000E+00 1.000000000000E+01
2.700000107288E-01 0.000000000000E+00 1.000000000000E+01
2.800000011921E-01 0.000000000000E+00 1.000000000000E+01
2.899999916553E-01 0.000000000000E+00 1.000000000000E+01
3.000000119209E-01 0.000000000000E+00 1.000000000000E+01
3.100000023842E-01 0.000000000000E+00 1.000000000000E+01
3.199999928474E-01 0.000000000000E+00 1.000000000000E+01
3.300000131130E-01 0.000000000000E+00 1.000000000000E+01
3.400000035763E-01 0.000000000000E+00 1.000000000000E+01
3.499999940395E-01 0.000000000000E+00 1.000000000000E+01
3.600000143051E-01 9.999999776483E-03 1.000000000000E+01
3.700000047684E-01 1.099999994040E-01 1.000000000000E+01
3.799999952316E-01 2.899999916553E-01 1.000000000000E+01
3.899999856949E-01 4.900000095367E-01 1.000000000000E+01
4.000000059605E-01 6.499999761581E-01 1.000000000000E+01
4.199999868870E-01 8.299999833107E-01 1.000000000000E+01
4.399999976158E-01 9.129999876022E-01 1.000000000000E+01
4.600000083447E-01 9.449999928474E-01 1.000000000000E+01
4.799999892712E-01 9.629999995232E-01 1.000000000000E+01
5.000000000000E-01 9.760000109673E-01 1.000000000000E+01
5.500000119209E-01 9.919999837875E-01 1.000000000000E+01
6.000000238419E-01 9.950000047684E-01 1.000000000000E+01
6.499999761581E-01 9.950000047684E-01 1.000000000000E+01
6.999999880791E-01 9.969999790192E-01 1.000000000000E+01
8.000000119209E-01 9.980000257492E-01 1.000000000000E+01
8.999999761581E-01 9.990000128746E-01 1.000000000000E+01
1.000000000000E+00 9.990000128746E-01 1.000000000000E+01
1.200000047684E+00 9.990000128746E-01 1.000000000000E+01
1.399999976158E+00 9.990000128746E-01 1.000000000000E+01
1.600000023842E+00 9.980000257492E-01 1.000000000000E+01
1.799999952316E+00 9.929999709129E-01 1.000000000000E+01
2.000000000000E+00 9.890000224113E-01 1.000000000000E+01
2.200000047684E+00 9.819999933243E-01 1.000000000000E+01
2.400000095367E+00 9.559999704361E-01 1.000000000000E+01

